252741414744
2326292944234592257922
22979225214423432441
2622434423
22479249432441
4324294423974421294445
43244981
97272347439727447922
22262724457922
45924744
97268441432347
92479992972623447922
228492417922
23277922
234425268544
23489221222645817922
25434743299223432225
9992232444817922
229224927922
2147272392474329434422
84262645214497494423
2344292723244444
929797272244237922
21442397442129438544
22294323232721
9723442144
2724234422297922
25442422292327922944
24438626247922
9926259944237922
29232627214445
43252123442222438544244422227922
412647452225432948
4126999947447922
22292343494324414781
2226272345262741487922
474341244329447922
259241244429432225
462344444826474544237922
994422292684924722
299229292626432441
224443882723447922
4324294447474497292792474781
29439749474445
224843244324442222
99479224972592244144
4485432297442392294326247922
2326297922
42274541447922
2143479246467922
992723474324442222
434124262392252722
2948274522
48442326457922
474399922943262422
27244544232926244422
2221449727479229438544
2229432429432441
47922229432441
4543229726252126222723447922
97262647
48449245992692234522
45432521474445
922443252722
979225994392
97262525442445
924646432325432441
46472684
2297232626414422
4127442323434747927922
414324414892257922
4492222984922345
4647444429442229
22442344244543214329262722
844447479224457922
489281
4147268444234445
43242944239726242444972943262422
454341234422224422
974744922447434423
9726232327212922
474399234429294322297922
262341922225
22928592242922
462623444643244144237922
222927292944234445
41922441474326247922
212621268544237922
259227234329432722
452326244422
229285432441227922
4744419229267922
922599922222924526232248432122
2581222944234326272224442222
45279729432441
45442526294326247922
92999222484422
412792242992249225267922
43242227479223
4643299748992723417922
