9992242443222944237922
4692232326847922
92222244259947812592247922
2923922248
97269222297922
412326854447432441
2227222144244544237922
85442926
4643234421232626464445
2948442292272327224422
462722224324442222
47269229484445
46234445
979221262422
9225
45432221442422432441
2126244392234522
222526494324417922
412647452225432948
9241432992294422
974826232722
844843234722
2248924522
472797434424
2297234399244423
4944244523439749
444646262329
972392974944237922
499281447922
214792242992432422
974792234346434422
43249727999229262322
25922724454423432441
21484347264726414322297922
842626464423
844447972625447922
432428274344292745447922
459223432441
9923272228274424442222
2948442392214322297922
41279225
2127292492257922
222923449225
45442526474329432624
48272429442322
25924124434643442322
11974792297922
97262323449729432624
2647442444497922
2592452392229248
47434427
21434499924745
9723922248432441
42272441
229748444527474445
254429922229922243884422
8844992392
23924322447922
994326414424
4743454392
43242944234792234522
224497262445922381
2343854429432441
412392214422
272443867922
2981214422442929442322
294392239222
922745432926234392
92442343924743222922
29484492
2292472626247922
4422294447927922
2249432424817922
4543229747924325
97234322217922
43974445
2243252624
212326454341432627224781
414726222281
45239221447922
2247434544224826847922
22444422928422
23444544214726814445
9245854423224329434422
442426227922
4447812211447922
999223232684
454492454726974922
214329927922
842644994441262444
44474485922943262422
22849247472684432441
29442521442392
2724432624438892294326247922
444341482944442429487922
2221234444432441
234485442441447922
472627244144
222724994726974922
45272997482592247922
