454497262521234422224422
4192464644
27244385442322924722
972647264124447922
222944242641239221484397
21232641239225442322
4826474544247922
234341414324417922
442445269723432444
25262326979726
97262329479224457922
972623234422212624454445
992627474485922345
432521442343474445
222944432422
9947442445442322
492441849223234481447922
92294844244392247922
25262722224445
9726249726972943262422
432422274646442392994744
92242943974321922944
41922324432248
224881472697497922
4523439999474422
21432521432441
41434126472622
22212643474445
22262624442229
4892272292
4881452392294422
41442325432492477922
454427974422
48924347222926244422
29272422
99444529432544
23444627414326
21434147442922
4892442526232348924144
222723234481
9743244425922926412392214881
4792234522
4692457922
999223234447474445
432497922192994744
46434127239229438544
452721474397432981
21262397487922
4147922526272343884445
974792219926922345
9926234122
97262323269926239229438544
2123444227454397432441
234497292623
492443448544477922
22434124924722
2724298443222922
974892474744244144
2243214826244445
419225994744237922
4143234746234344244522
44464692974425442429
469227249244
22922599927922
4592234327227922
9748924743974422
259247439927
2724224492294445
294345447922
222981474422
47922724454423432441
22929223432444247922
2944242992974744
994424448526474424294781
4623262429
4826922346232622297922
9943234599239243244445
2111232926
99924743
4644294322484322294397
29239227259222
474425259222
99812229922445442322
4544979245442497447922
92472943292745447922
2122819748432441
2221449743924722
454497262521234422224445
22259222484445
4543474722
2747249244
92212697924781212244
412792234543922422
8192844445
222526494423
2344474424294744222224442222
21262992994744
2248262324
472799432441
41239245279229432441
