4147274481
292392242221479224294445
994485817922
254322979247972747922944
272446924347432441
2229234345442429
4843222926412392257922
44244147432248259224
47922349
43249926272445
22448444237922
922422844423432441
2923272229817922
43232343299229432441
974424294423
22214497497922
4826474544247922
4324854329922943262422
4544229744244544242922
4445
222923272521442922
259746922347922445
4626234429264745
454322282792474346439792294326247922
4292417922
24924184922344
97819747439792474781
4727259944234445
4643424392247922
45449744259944237922
2244242943254424299247
222747462723262722
464485442322
92244123434781
419244927922
252729922429
29232722224445
489245234392247922
44282792474388442322
412724222543294822
222147922929442322
224892232144237922
21232629262981214422
252743237922
27234481
2344994447474445
9992474922
97442344252624439247
97264324432441
48449229432441
22272144234792294385444781
22494347462747
21268448922992247922
4626234422294423
224844232192
4544924547269749432441
454446432444237922
4127472122
272423274743244422227922
2297262397484423
292326214397922492
272445442344862126224445
22274747438592247922
41232745414324414781
212647442229922322
22928585434422
432323432992294422
232729484423462623457922
974843232621239297292623
2948232722484422
272445442341239245
474441432943259229444781
4892259927234144237922
294425214423922927234422
849299994329
9223254826474422
2229924744259229447922
22262148432229
212629992643474423
25924723922786
92239247
21442429924126247922
2192294423244329817922
442297922326474422
972621274792
2245
22922943247922
21922444477922
2724454497434544457922
292392252544477922
4324974322432441
4692222944244423
4324452697292343249229432441
429281
9222489723264629
2123262926247922
412626459247477922
29234447474322
412724244445
25432229432441
