272429924324294445
8592
2123817922
972624464324442544242922
972729444781
26478125214392247922
924347432441
929749242684474445414425442429
99234444884324442222
464443222981
484447472622
9244232699439722
48922445817922
999223974792817922
292624222623439247
45434646434544249744
44862923922444262722
9726272147447922
2243994423439224
25434522484321259224
44864497272943854422
2344922121239243224445
4944992699
2123262544249245432441
234421482392224422
21472725254429
222627294844232422
224823438544474445
414726292943454422
2685442347262649
99472724294781
849245447922
48814523262147922444
42444646442344817922
2297924721444722
454322972625464329432441
974823262544
234324497922
434792
9926458141279223457922
9943229792812444
25262429442344817922
92214423292723447922
2192814726924522
2123442229434144
23442297274445
21922445442344237922
97924746224943247922
29442144447922
43244543854345279247
454446434422
97432497484422
22282743457922
9943249223817922
99262649842623257922
2685442345234422227922
299223434646
97432445442344474792
9743244581
992629292625
45849223854422
23922997484429432441
2192217922
25812228477922
972624224423854445
474341482948262722447922
4543224826242623
844492494423
994323294845928122
432446262544239743924722
99922243477922
22292326494445
224447449729438544
292343924722
43242229432927294445
4627254422
92292343927922
454322442229929947432248
212343249744
2545
992627474544237922
42272229442229
99922444462747
4643972943262422
244499274792
2922
4726262244
2592454544247922
4123444424447922
21272222819792297922
9221212344974392294326247922
234443252126224422
2511471144
214792222944234423
41474329294423
21234345432441
432497262485442443442497432441
21262521
2281242948442243884422
294422294322
