4243242443
2526232943254423
212647432441
92252722432441
44854424244422227922
9947432445462647457922
25449797927922
2284432441432441
419247859224438844
492622814143247922
4324854329432441
974424292723817922
489223232684432441
97922329844844444722
22974884432424
922429432192294844294397
464744864422
22282744924922
48812126294844224322
472645442229922322
474399434526
469297292623438844
44232543244422
8448432323
4626239241447922
9943974424294424244392477922
2192217922
972725994423479224457922
4643244329444781
254397487922
442429232621817922
97432397272546474486
2927229792247922
48922445222625442229
99262729262424431123447922
42922345432443112344
92254423439792244388922943262422
999297497922
2444414743414424294781
29234492222723442322
259224274692972927234423
97489224974445
4126994743247922
29922229444627474781
229726299748254424
234341482922
84922444
4623269943224844237922
264743419223974822
222827432248432441
43242326924522
9944814423
434343
9992454792244522
92229723439992994744
9992249297487922
99442221449249
8426264784262329487922
4743992344292943222922
8492224899268447
2543974844479224414447267922
43294423922944
978121232722
21272385448126237922
92212943292745447922
922222442222
24434148299792217922
224927244922
25439723262148262444
22442385434744
272448262322432441
92454227222944237922
974892244144
23922429
2229274581432441
2192219284
43252192432322
8423432441
479223992692234522
224892214323267922
92458529
924799922923262222
9297282743224329438544244422227922
884325254423259224
26239229262343267922
25442422292327922944
48924144232229268424
4423232624442627224781
25924744454397294326247922
2192222249448122
4543922144237922
24272322432441
254392
22449241239225
4324294423249229432624924743884445
412743474522
2544444924442222
4826272244992344924922
4144482343417922
234499274646
