2144234627254422
22482685444746274722
479223457922
2543222221442445432441
22924785442322
2123269747922592294326247922
922222272344454781
99922324929992227922
232722484445
9246
9726244643232522
2224924944
4147922526234445
9943249223817922
412392292743292627224781
9299222623994424297922
212326469224444781
2927244322439224
887922
9723432943974388432441
2226239944297922
924585442329432244237922
92222227254422
2592297922
292326817922
972343974944297922
432429442229432444
2192854324417922
994484432997484445
22252627474544234445
47922492
42439922
9927232343292622
2192479229439247
4226494422
454447444192294422
45442123442222
2123262143294392294422
45432449
462623849223454445
48262449
8543244543972943854424442222
234447442429
26854423224744442122
4192972327867922
4447474326297922
454441239245432441
84922399474445
842625442446264749
25272247432522
45439729922926232248432122
23442444
252747294321474397922445
4643888881
252747294329922249
422622442148222624
4226482422292624
228147859224
84434725432441292624
922521474329274544
9726264743447922
46474399994423294341439999442922
46472622227922
454425272344
9726272429442322434124
25432445432441
97922229474445
2192234992
4324974424294385447922
2292279744219224
452747474422
972623859247474322
974792222223262625
21922347928122
972723474445
25432225922492414425442429
4844928581
9245254324432229442322
99444747432441
489224452592434544247922
45449923434446432441
42438544
222992994347438844
9299242623259247432981
4324294447474341442497447922
224743854423
47432944
244497232625922497442322
47442624
454322292392972922
4844234445432981
4627234726244122
97262497449247
44474497292326244397927922
2144454422292343922443884445
9247412623432948254397
222685442344434124
92259229437922
482684432988442322
45442147262392994781
