8144474722
22272144232992244944237922
23442226472729444781
4726844743244422227922
2243862144249744
47922599224943247922
4126272981
29262992477922
4592232344477922
214423234344237922
974323974744297922
222799424497294385432981
41434126472622
222992294424
22442346
4192474399437922
25924124434681432441
254447922497482647439722
2284262345
992747494324442222
22244492457922
264744262592234192234324447922
292327244922
9992232392414422
494347269981294422
212621447922
2144242481
222943212147447922
442444234143884445
228444472944237922
999247472126432429
2292232624417922
254345849281
474426219223457922
214324459223
299286434544232543222922
972622292725447922
21929744224429294423
9297972622294445
234448449223224445
8444434148432441
4226972724454781
46922543474392234329817922
854341434792242944
48922345999247477922
2621924722
2327994397272445
2226462984922344
99444546444747268422
97262441232744249744
469224244445
4244234922
4192999943442229
294843232943442948
97489222294322442544242922
43244526232244
212724454329
2326272229929926272922
4892234548449223294445244422227922
97269247432943262422
2284922543
972624464323259229262381
4543459297294397
4543474722
228843479223457922
2992214484262325
29268444477922
4424974892242925442429
922392997922
4544254342264824
21922329432943262422
25262926239943494422
22274646239241922422
222192234423
4325252623299247438844
2981234444
222723414445
2543922684
92458544242927234445
97472799482627224422
432525442422444781
22292327454447
224423434422
99922326254429234397
22444388272344
23449792212927234422
9747922449
2221449729442322
292326434992
97922129272344
4324294423212344294445
4428274385269792294422
4486294424224326247922
454321222625922443929722
9927244547432441
21232685262229
24449223
43248592474345432441
222724994726974922
992326264522
