232626297922
41279223922429444422
22214445
262729222923432122
2923432449442922
97442344252624817922
21484347294423
972625254423974392477922
43252123432226242544242922
23442243412422
974827239748412644237922
474485922429
9229484744294397227922
47262345432441
979247477922
9792272292474329434422
46262222434722
222192234445
2327252127227922
292392242241234422224326247922
972624464323259229432624
222992414497269297484422
972344299297442627227922
294826274148297922
2623294826452624294392
45442221264347
48924141474445
4127432444854423447922
972692222944237922
48274148
22294485442422
449229929947447922
2144474397922422
29439944234327227922
994423249281227922
252722492392297922
25272992994347432981
464744864445
97234492294385432981
8544484425442429
2144262481
212281974844454447439722
47444321884341
4826472229442322
999229222592247922
49922948474444247922
432429442397489224414445
474349444743442229
97474426
922324267922
8544294423432492234392247922
9747432199269223457922
21922441924492
2392214445
29262741484424
442221262722432441
454323449729438544
2443294422
229229974844477922
4623449249434423
2123449743214329922943262422
492426997922
9927474181
454447994423297922
922929432927454422
92972827432344
23269922
41438825267922
812721214344
22474424454423438844
21234326234329438844
444481262344
2944474729924744
25922392274544237922
47262649432441
222681432449927922
4144242943474422
4324929943474329434422
224386294822
2126222925262329442522
4147924522
47444143262424924323447922
219222292723432441
24274541432441
23262244292992
219223294388922422
97922397922222
448543474526442322
4324242744244526
25449748922443977922
2143414143442229
23442226272397447922
972625214744864329817922
4143244144237922
479225212248924544
244484224744292944237922
22292623444826272244
41432422277922
484342929749432441
849222224423259224247922
