92244147442322
99924927244324
25264892254445
2724444543294445
999222294445
464727292944237922
2948442325262229922922
489285432441
23269749844447477922
224324412747922322
9726212143974422
41922222434423
97489222257922
21929223
294329294423432441
97449222447922
22972629294344
214792292944
43252126224422
974892232624
84262592244743244422227922
2229449225232647474423432441
45234321
4243489245432229
9726232499234492457922
4123272599474445
4692994392247922
44282743244422
844447457922
2344922222442599474445
9923262645442322
84928122
27244692432324442222
44862147262344
99442948922481
97442329434681432441
9792249245439224
924641489224
9792234397922927234445
2685442341232684
29239297494423
4543222144242292294326247922
26992243454392247922
442297922321254424297922
2244974727454445
434147262622
2543229792232381432441
474324432544242922
23449245422722292544242922
9227864347439223817922
222992994347432981
23449241442429
22972799924445
854325
472697494445
9926979792979743267922
47434944474348262645
228444922922482621
2526232697979224
212724432248
448644972392294445
21922521484744294444237922
4744434148
99442497484445
23449245442322484321
992745414423434192237922
2123262123434429234422224422
23449743454385432229
2227992147262922
2344414324927922
2426294843244122
21922392292326262144237922
972625252724432441
24272544234397
252747294321474486262322
9245264746267922
474422222623
2426859223294322
9926249926247922
9744232943464392994744
2592814647268444237922
4626234424922544
47922222434422
419223244423
4543224422299299474322484445
212326294497292623922944
4844472243244943
97262441234422227922
482723474481
4441812129
24448446262724454792244522
252623924743884445
474347817922
2543922225927922
222723854481262322
26992244282743262722
222492299748432441
99922429432441
814141452392224347
212326484399432922
