2292974922
222144244529482343462922
219729
4127434544
45272497447922
4647432429
9299447922
8892432344
48262444812526262444237922
92222143239229432624
22442422279247
92472922
97234324264743244422
99922323432441
462627242922
214792242922
219224444181234397
92972544
25922343262444292944
21482622214826234397
994423294822
44242923449229432441
214792819297294324417922
48442421449749432441
259227474445
974329447922
9723262121432441
292786
43244627234392294324414781
448648924744
4544992729
25442944262326434522
254397232646434725432441
43252123929729439792474329817922
84444421442322
21442346262325442322
22274192234445
4844928543224345447922
992629294744244497497922
232622292392
9923434547447922
454497444385432441
47922144477922
249285434192294422
224823268544
9245432326244592974922
4743212297262599
4192222647432444
294423232623438844
9224294347474422
8443414829
992344844445
2543242426847922
272445442344862126224445
42274743267922
922445262323927922
9923924324222926232522
232692222922
2544492624417922
462623292392247922
22494324484492457922
294321214497922426447922
45444445432441
2192239221232646442222432624924722
25457922
212281974826922492478188432441
994424294744817922
2123924526
4126222144477922
972692474329432624
2144294423224424
214424924729817922
4826272243244122
922248239225
994726922984922344
26292926259224
44474743212243227922
2326242443447922
97922143299247438844
97484423437922
29449223419222224422
4544974325924722
45432222432527479229432624
259224454447927922
44852647854422
21482624448122
2344222923439729438544
484447432621264743227922
44252147268125442429
27254392497922
4543224424419241432441
414726292943227922
22979247472621
4126234981
224492474423
2725994347439727224422
4781249748992723417922
97922599442322
46274747442229
97262521234448442422439943474329817922
