974844442346274747442229
434544924743884445
25432229924944
4126264643442229
44922229842626457922
252699434743884422
24262943974422
2944232543249247
45279999432441
99928447
2685442347924324
9927457922
23924324452326217922
924322474422
214727252544297922
2948442325262181479244
46924322924792999245
99239245224892847922
4892244521439749
259223817922
214792819926817922
252623292624
852647272543242627224781
4325992744
46442229438544
479229442497817922
2426248543264744249744
4543224897472629487922
4123924324434423
46262344842623457922
4844472243244943
4827254345434681432441
219229488492817922
229726847922
4523264747
992627244544237922
222746462697922944
41232684442322
994445464447472684
22244492494423
41269999474423
999224422747
2327994397272445
44869727472192294445
488121442385442429434792294422
234345414421264744
412629974892
29432929474422
25432243244626232592294326247922
2229442324
88844344999297497922
4792849923449249442322
41269229444422
47432121259224247922
2247449288434423
22249221452392412624
448629432497294326247922
849222484324412926247922
45432246239224974843224445
422725212227432922
2685442347922122
2699222647442297442429
472725431123447922
25929792847922
9229232697432981
45432299922325442429
214429234346434422
852647447922
97922544477922
479225442429
8444472944238444434148297922
472629
48262544474324442222
974892234322259229439722
9927259947442322
48262144
4244844447442322
29239224222126224422
922729262122434422
9792432324
9726232344972943262422
9927234544247922
9923434547432441
224826232922434148294445244422227922
2192974422
2685442384232627414829
25929792267922
2192232943889224
2226242444297922
459244252624
474424412948434781
249221447922
972625214744864326247922
85264727212927922381
2227214423994423
2248922344482647454423
889297489223817922
222923922121432441
29922543477922
482623254447
