2122262343922243227922
8543232722
4892434722
41238121482624
224341249926922345
2221234329887922
242624212647432943979247
222426262981
234423449245432441
22272346444329432441
844443414822
97268447439749
268544232229922944
9726232443974422
85432992474388432441
4544464492297922
474227994742922492
97262343242948
9792249245439224
8481
2592889229479224
21232645434192477922
2444922322434148294445
214344432441
479229294422
974892244144268544237922
99472684412724
922221489247297922
2543927922
4324432827432981
974892232522
22442341447922
9927474745268844237922
224441234441922944
9748448481
462623448426259224
22292344299748432441
22972629228426254424
97264747449729438543884445
454497264544
4425274792292623
262729479224454322484781
452697292343249247
219229232647474445
8448449247
482725994743244122
432446434447457922
972799447922
449223294843442229
97234329439722
222923444429
22449723442944
4647262322484443257922
9926262943447922
45448543974422
922297442445922497817922
99234492498492294423
48999222447922
9927224324442222
4727882624
22272321234322447922
9792299247442122817922
972647474441447922
9923924825227922
92432325924347
844329849229442322239224457922
22449727234445
41922788447922
9224449745262992
44238543247922
234426234122
9926272324442526272948
22262426234329817922
2229239243294292974944294445
2344252623294192414445
84922325442229
46234444452625
92248125262344
432485442429438544
442143472641274422
4792244422
992684474441414445
452697292623
2144244429239229438544
41924747
22442422432943854329817922
46479299
442948439722
2143299748462623494445
44214329262543884422
998129447922
2992864345442325817922
928492494424432441
21232697272344254424297922
97262442
25444592474743262422
43232392294326249247432981
97922544477922
4425214881224425927922
26979225477922
