2192239744474445
442543222243262422
452392462981
2426994447
2544259944232248432122
45432297262546262329432441
452745474481
2297482722224422
219224434423
272423449726242229232797294445
268544239723268445432441
222799474325922944
229299999229439792477922
212724494423
45449229484781
212344229241447922
43249926867922
849222229243477922
99272681922497817922
9943292944237922
928526247922
4445279792994744
282792452343214744414397
2544888892244324447922
22922992244322297922
2229279922
254322972624222923279729432624
22922445434423
99239243247922
842392212144237922
4243292944239927417922
45434423442243227922
214386444722
2226474345434643979229432624
992343299224244392
8843212144237922
22237922
92974843448544
2944232343447922
2344254445817922
2926478192292943
234422214497297922
4126292992
9726464644817922
2143974922
29924944268544237922
474227994742922492
2827928544237922
4324452799432992994744
9247819744
262722294423
462326294822
46922429922243884445
252626244743414829
29262741484781
22442543249247
97262485264944
4592244544237922
842343222984922997487922
474441267922
2927239926212326217922
25262947448122
48268544239926922345
424492244324447922
994392227922
974826432322
282743442927227922
29444744412392214881
472627854423
23444123442922
2143414143442229
41442429474423
22972392259947442322
269222
2723924722
2344474424294445
44242248234324432441
21442343214823922243227922
2392454327224422
452492
9792234446234444
4325212622432441
48812126294844232543927922
9748262327224445
234446239297294326247922
972624454329432624442322
23442445432943262422
474341482948449223294445244422227922
48924747444727439248
21272243474792244325262722
4643864329817922
282744242943247922
2292432429474324442222
999224412623
8448432929434423
9927434745
259229272344
4123922429432441
222192257922
884325254423259224
