484345442627297922
2344432422442329432441
9744224327257922
412326294422282744
2143294392994744
43242221432344
41264545442222
2244972344299223439229
292343462697924722
24442729239247438844237922
462344924922
22484449444722
23449221212392432244
444726817922
462623259229432624
252648267922
43242221449729432624
252624264743244127924722
422641
2297232627244144
4123432424432441
4544974322432624
84484324447922
974726234429227922
29442323929744
97262422292327972943262422
2126297922
99269999432422
2343414122
9748922343442229
212629442497817922
299299
454324262292272322
92224892254445
419247474327257922
459284454744
46479229294424432441
48262944474344237922
4424929729254424297922
224324974423432981
46234388884445
97264747444143922944
2724464743249748432441
9288432527294822
4127248492474422
42929999442344237922
4792814429294422
29442827434792
859224459247432225
272322274792
462343292944234445
2984444429
224347497922
222943244143442229
2344219281254424297922
97262324999247477922
2544242229232792294326247922
97442344924722
22279922299224974422
442143414726292943454422
262345432492249744
252627242992432422
42929999432441
2344929729432624922381
2143412581
99442923262948924722
432521274722432624
2944232343994781
28274422294326244445
979223298423434148297922
2344254425992392249744
272445442321922429227922
464444
9947922229264646
2244444581
414743292944237922
4324454385432243994781
92412343972747292723924743222922
222543294422
92272221439743262722244422227922
454497432592477922
444524927922
2344972624224345442322
2228274341414781
432428274322432943262422
229297234322299224
2923922422252729432441
92979726252526459229432624
2244974727454445
24448422219221442322
97262446272243262422
85924744
228492244444
22432449
49434724
84922229444627474781
999297499926244422
9748444423432622
22262721489224262785262441
9748274122
