234441432544242922
4544292686432441
45814792247922
9285439223434422
97922244842623497922
454385442322
4527474722
2527224445
4827222947432441
47274543972326272224442222
262329482641239221484397
4544242724974392294326247922
22442399
272445442244238544454781
99439781974744
4827222947442322
812649447922
252629484423474324442222
232729484744222224442222
22922724924445
442441474322488426254424
23448526472729432624438844
9748432592442392
972625212622432441
4792244525922222
92857922
994726417922
412392242481
234422292327972927234324417922
859221262322
9792454429
92992343454144
21444926447922
972624972623459224974422
48442723432229439722
974423294346439792294445
9744238543867922
48922929432441
8544232244
4644474324447922
2348922122264543884422
2344924743884445
4592259222494445
45432222922943224681
4345442641239221487922
472799234397922429
262122
25262444299223434781
23444541239285447922
222723212343224445
99262741487922
2244864422
2326992722294423
97262649
92229744474792
45434429922381
46922488432444
462344442948432449442322
242699474422
979221929947922497927922
442527
23279943972624
4792294844237922
23922521924144
45442226479229432441
42444826859248
464324414423212343242922
219221
974892244144
25434749259243457922
8492974981
9225994345448629232627224781
4726244422262544
41442444924726414322297922
979223442922
22924744
992747474826232422
844341414744
272422249223474445
4544482725922443884445
2343244922
97922323264747
46922424817922
2192292343974345447922
41442427432444244422227922
2229432347432441
92232943442229
8592234392242922
294444242243442229
469229484423479224457922
22244385444722
929947272943262422
4486212622272344
9747924323852681922429
4486214497299224294781
854324454425439229234386
2827432344
299224414744
4592232326847922
9923929744474429
