462722482724
22448681
97262225262126474329922422
2426244424294329434422
26854423979222297922
972647472722432624
4626234499449223
48262543974345447922
254397232692414123442222432624
45268626472641817922
97929748442922
47279923439792242922
252622297922
414792222281
21922229239225437922
4844247922
449223
4543214726259297817922
4226474743442229
462344434148294423
43249297972723922944
472646294324442222
45268424817922
9221212623294326244445
992326924584928122
9726274148
21232646922444
92992392489225
214792817922
272448449247294881
4423924543979229432441
244444454324442222
8444444922
432429442392972922
979224494423
2243252544242992477922
48812148442492294445
47444184262349
469297442943262722244422227922
8492232392242981432441
92224849442492884325
21239224497922
412392244522
222123922922
482697494445
4643299748
292344252647267922
9726472624439247
2592974944248843447922
479224452297922144237922
22484323298492432229
494444244781
422641
25442397497922
474492294844237922
432492252623922992
9726242944244522
459229444743244445
972625994324447922
8443414147442322
9723272229
25922445922343247922
22294347477922
429225997922
84432441222192247922
212647812148262481
2926474423922497447922
454447439944239229444781
4892239943244144237922
272422249221
4726999297484485224981
972625254424297922
974329924544477922
45442229232797297922
46479224244447474445
444749489223297922
99474324298844
252645274792294445
48262723
99479249447922
4192854447
992343994422
22292392244144
994792254423
228444442943447922
2344474324282743224825442429
472697924744
219224439722
8426264746
4924269749262729
97922129432624
43222292977922
2292478592414445
2147442443292745447922
47262121432441
2923449297484423817922
9927474943244422227922
974892252192412444
99472697497922
454429442343262392294422
