212344294424454445
268544239241447922
479224974422
4526234981
97262321
994492272944262722
2123
482624448125262624
262729222923432121432441
259241432426297922
299247478148267922
44232392244522
22262723974445
22292624442322
9748234322294424452625
22242626884445
47814781
432521274124
22292392814445
25432225922492414425442429
998121479281
254425992392244422
482621447922
2123268543454423
844388922345
462723477922
9245854423294322432441
412327252181
849222294447922445
4643442229927922
41239224294445
4643869229438544
2248442148442345
212344922323922441432441
228443854447474445
4345432625
2229922927227922
92272429
2685442322482644
47924581464324414423
9726244526244422
27244523442222432441
214881224326472641432229
24439748264744
45432244259992234992294326247922
444743294322297922
97922324922943262422
45234399994744237922
4881212426224422
26492926994423464422297922
854347434681
2192244447
2392472148
222797974324972924442222
229249227922
45432297234429432624922381
464727244943447922
25449245
97262225442943977922
212799442329817922
2123262521297922
4643249241474423
22214497
9792212943262722
92254423439792244388432441
29272324442322
44212229444324
214492494445
259224459229262381
22479221214445
47444399244388
46234444994444
2526269748
85442429264743247922
46439729432624
2221232797447922
4627222243442229
268544239944922322
4643234499239224457922
294492234192224422
26924922
43242422
44252129434781
99432248494449
9222224422222623
9221212623294326244445
452722447922
97262485439729432441
484424452343974922
482629484492454445244422227922
4744244324432225
4543222927239992249744
229224459992244922
462679977922474422
41239221448543244422
2724462723474445
8811234397487922
44814447434522
4623922497264322447922
97262544297922
