4992992747
9247254341482981
2444484425439248
44259744447922
4447449729432624444423
212326292327454422
432429442322214423224445
4127438826297922
2592972326972622257922
22214324264646
2243217922
422747
979222292326
49482625444324437922
489223232684
23262592242943974388432441
2923929749
9992862944237922
4892222943442229
22214324222944237922
4341249229432722
45434744292992242943
489224459926264922
22439944234392247922
994444494444214324417922
2247444421432441
2592299748259249442322
9726922322444781
999224929748
21264322447922
8426847922
214423222624924743884445
29442144447922
2527249748494324
43242227472922
229223979222294397
45434446442499924944237922
46239281432441
8448432944484492457922
49444484922943247922
41264525262948442322
9299929749
432429442521442392249744
21434125817922
2123262148442281432441
419223262929432441
224892494427217922
859247279299474422
852681442723
2143244981
4692974347432992294422
9792214429439224
99924749432441
2249922944237922
282792232922
26232492294424442222
9726262345432492292623
432429442385434484444422
979245414445
9748434745432248244422227922
29928424817922
922343222926972392294397
22979221274792
2123264843994329432624432229
2221479281432441
2344269797272322
42264322297922
922221432392242922
25432292212147439792294326247922
972623432492
25434584442229
29844322294445
9726244422
4324464323259223434422
929945439792294422
92252144234422
4123922424817922
2144454392292343222922
2192239225262724297922
4792244522474345454424
99268197262929432441
2344292344249748432441
23442147434422
97262497434423414422
4323239245439229432441
212623294424454445
974325929927447922
9781994423212724497922
9747432926239247
499227462592247922
259224294497927922
2926847922
2123449727232226237922
992641434422
27244943244524442222
4543224127222922
9726272429442399924792249744
2543229748434485262722
44248543224326244445
478643
