9726432497434544242992474781
2123262148442281
23262625434423
41274747439943474329817922
2923442497484445
4544464497297922
494429294744452327257922
2592241141447922
25924125927922
9223294423439247
489227474423
922729262592292624
4623444341482922
41479245447922
4892244143244122
48928122
45442544922426237922
2927292623432441
2344454323449729432624
2229234345432441
23274122
272429232729484627474781
4543229726252126224422
2724454423972692297922
972723292281
88
974892278543244322257922
2143299748
92254422479224
294827244544234445
45442123442222432624
97262229922323432441
2592278544
262392974744
27248423922121432441
9297294324417922
4324224429
479247478141924141432441
21449223477922
2123442243454424297922
972722292645439247
84262349469223447922
454429929748
292344994744
2229239243414829429297494429432441
24432122
99269229228492432422
44862144972922
469247472627297922
97484325447922
222992272497484445
222923922445
29272443224392
23269999817922
224397434781
214322224445
2229264744
21482629262981214422442929432441
4544254322447922
4643474781
29484392254324447922
4486974422224385444781
4425994445454445
294843232229434423
42269999442322
2292432429482626457922
45444743254329442322
46449923279223434422
22482684264646
4424852681
972624414726254423922943262422
259245454424
48268447432441
9723432943974388432441
21922492974492
212799
4123262525442922
994792974925924347442322
4125
4324212729
4243242343494322489222
2344299243244445
48442392
22844385444722
469284247922
45442926249229432624
22979225214423
8492299748462747
8881412629447922
254322292344922922
29482326847922
4543229747924325
4843299748432441
224944432422
44922229442324442322
9723272497484422
432497438543474329817922
46272441262722
2229232647474445
21442443242227479223
