4581249225439792474781
44214397272344922422
472681922441
2526244481999241
4881222944234497292625817922
2543972326849285447922
22972623214327227922
92222244259947432441
922443224444457922
42272449434422
4826232544477922
214423222144972943854422
23444726979229432441
259247928192247922
219223922923262621442322
268544234523438544
2992434726234324417922
212344442521294385444781
484445262443222922
29844444
84922248432441292624439224
979222922426859222
45922943854422
4626234497922229442322
299299472643457922
432422214497294326247922
4881212629484422438844
979222292646467922
9927234127244581
97489224454744237922
46234397922222444422
43252645432725
29232684444722
97482621222943974922
92274127222922
272422449247432441
224843297922
434747
229781474792
97922329262422
212623299727474743227922
234446272292477922
4826474324442222
212723974892224422
22242684222926232522
92994445
294823262444
492784924329437922
214424432944242943922381
25442225442343884422
2984434141432441
229748264792237922
459223444544854347
21262621
26214326434522
482622294447432441
922397484325444544227922
46232743299792494422
259281262424924322447922
4425442943977922
48442399438526234422
272423442229234397294445
8443244522972344442422
442143972723449224
2526262343244122
45432226234344242922
25274729432544454392
99272281992645817922
41929926247922
43244486214424224385444781
24444747
232627294324447922
99922344242922
459223462723
22924744224626239744
9992974922474345432441
454422972381432441
2724454423
41442392234526
2592244744817922
2344222721214781
2225924747442229
232626294445
48929749229284
4424299224414744
489223458443234445
922429482326212647264143979247
46439927479222
9747432592867922
844322449297234422
8443889223452381
2126472944234144432229
84922248432441292624439224
21442347
219227474324417922
22479222484526297922
4523922592254324447922
23928424442222
92244143262147922229434422
4244474781
