2444922322434148294445
992392432484922248432441
9224432592294445
2123264744299223439224
23448543854346434445
9944922345
272429924324294445
92472992254323927922
264543247922
2543244392292723432229
9927232122
43857922
4429482426472641432229
92222923262426254397
922827928543297922
4827244944234445
412392294346434445
44244743222925442429
41922441
849247297922
9723274629
46262445244422227922
4544252624222923922943262422
474385442229269749
21442181227922
222992974481
244429294324417922
2543472926247922
22449247922429
8448432322
4144242923434643979229432624
44864843994329432624432229
2144929748
92292944244592242922
84434747268481
4544232641922944
45432228279247434643979229432624
4324972648442344249744
92462944234147268422
8423262441432441
234422434544249744
972684474481
22249249447922
454447439944227922
2543972326222723414423817922
972624972623457922
4192244147432441
8592242827432248
29439749442322
48272526237922
4626234429922229447922
41444844242492
889221214445
222724229723444424
24442592292645447922
49442424432441
2244234392474388432441
26234344242992294445
419223462724494447
472626294423
224345449223257922
97472622444781
97922325444726
48262526414424444329817922
2123434422297922
23444126237922
24442126294322257922
24269947447922
46924943237922
4324224341244392
4744414329432592294422
2597432429262248
2229924122
43242243414829462747
2992234144297922
294324494744
254322222144474722
47922923432444
2123272222439224
992392842481
9726252192234322262422
2926274148442229
44442343442229
9726259927222943994744
97262429442429444524442222
2227212123442222432441
4526264547447922
212623212643224422
47432927234143979247
2147928147432229
9992922948432229
85442343882624
45924347817922
9923272992474329434422
9926484425439224
272443282744244422227922
974844454592237922
922429432592292944237922
242724244423817922
924721489299442922
