48287922
44252129817922
979285442445432248
294826239286
2544247922
44429297274792294445
21432521474422
2228279299994744
4647922424444744297922
454322224425432492294422
479221224445
924592259224294781
43244543229723442943262422
454446262325
472629
9241412344419229447922
22292621219223457922
22299225214445432441
2244254324264744
224325214743464397922943262422
4943442948
23449726248544244445
8543242226247922
99234492222984262349
41232622224422
254492224781
972327222981
2221239281442322
2392994344227922
41274329922322
244329
4523924324442322
4647262729
272445449743454445
294826274148294627474781
22484421219223457922
4486212344222243262422
2244459229444781
264544237922
228124294844224388442322
224325439224
972625442721219224974422
2123269727234425442429
992692234522
4445439729
48922445979223
22244444237922
85434484
23449723449229432624
414743222944247922
859247274445
454321
97262723224445
229723448443442229
474325217922
234445972692297922
4843242944234792244522
929797442129432441
9792234444237922
25922385927922
97922347
2592244523924944
972641249229447922
9792474544237922
21442444292392294422
212729234446929729432624
292392242827434743884422
999224292722
972326264944227922
22434629432441
25442992222992224388432441
88432441
412326974423817922
41474444462747
234446922248432624432441
26272923272422
252623452344457922
484492454445
41234321447922
9927259947449944447922
4544924744237922
224423467922
4892854447
2527272527277922
45449224452344
22472699994423
46474397494423
97234329294423
2627294781432441
482725922443884422
92474992472643457922
272447262622432441
47922445464347477922
48814523264144249229432441
9223292723267922
22272144232526454447
464425262392
454341414423
2292217922
2444842243442229
