2592242923927922
29239243297922
21234344222948262645
2724454423224826232922
4623262229994329294424
432248442384262645
97929926297922
2443294422
21272343222922
97922129438592294445
2229922927227922
234347477922
4892414326412392214892
26854423234345454424
44478122439224
46479225994422
46432322294781
4324922741272392294422
212343259223817922
229297239225442429267922
44869747
8443444745
248125214826259224439297
29234321298197487922
432323442544454392994781
972646464444979249447922
29264347432441
4324974345442429
2297432429434747927922
484347454499239224457922
222724994492257922
4445252724457922
2344462623254423
46234481927922
234485
23442229922723922944272322
84449223434781
9241922544252426247922
9297974447442392292623
484347479943474781
99268148262645
25929723922511
84444722484422
274797442392294422
222992238544
474492232422
22844329974892994744
972645434643979229432624
972624222923279729432441
47434446442229
21232646474341929781
23442127994743979224
212344972624454329432624432441
222144474722
92232984262349
9943852627929722
41432345474445
4744224744817922
25444543299229432441
44472326817922
4324454421442445442429
992392244522
224892494423
45432297262429432427432981
43242923262221449729432624
9222484744447922
9286262422
842343294422
222684442322
2123268543454423
494444212292494422
2344292326412392454422
2229442121432441
239225219223297922
2344222923924324297922
4644238543454781
292343414781974423434544
4623434424454743442229
294892237922
22844323477922
9726272144
2944232543249229432624
4544979229484726247922
92452543234324414781
448621442445
4692294341274445
229723279999442322
854422219222439224
214423294781
412326272445228444474722
21432426974847447922
9221212343884422
8481922929
2192244122
8544478544294444247922
2948432322297922
45232627414829
259247434124922497817922
43252127234329434422
48262544222923442997487922
