9944224429
2224262349444747432441
2227234429434422
242624469229
2244292947442322
9926259992234522
992684474544237922
4544244499264792
4542432424
292647444526
974844232426258123454324
22494484
494485262349439224
48449245479224457922
2527244329432624
474447927922
21234325214445
992723244429297922
99434148297922
43244544214424454424294781
464425272322
234446272324432248432441
454497268122
292621492426297922
254424452688927922
97239246297922
4644232381992692297922
432485442229254424297922
8444472248
252699434744
25432297444747922481
2592292343974422
2344412747922343884445
85262326244488487922
992641817922
92844722
2527479944232381
8686434343
439944864422
224447494323497922
9792494422
4626234422924347
43299748434423
4844472125922944
4123928199449223457922
25272497484422
4692
48262444
97234397482926247922
47279923439792294326247922
259221214423
2526239243244422
972392294423
432422449727234329817922
4644259247447922
252747474445
412326272922
2147
224447449729234397
23432441474429
29279225262927
9726252592
99274646432441
2123264527974445
26254322224326247922
97924422922343922422
2227214423464397439247
21264324297922
46234322494324442222
45444192227922
214423294324929743262722
482522
21272922
462647414423227922
249299994445
22282792234445
42432929442322
462647472684432441
2344214429432943262722
25272243979247
214844472122
452326212627297922
432892472743297922
41438825267922
212724974847432444
249792927922
92242944459229432441
22484423922992247922
41274747817922
974424299227237922
228443417922
9747279946262629
4144264123922148817922
22442429442497432441
479227457922
29272343247922
469243234423
21232699929943474322294397
41472729292624817922
44244423414388442322
