2297488492238844244441414423
4892299748432441
21232697294423
2724249229272392474781
2592234327227922
92474722299229447922
22442922
22812444234181
4844924543442229
264745222526994347447922
22444429484422
4544979224294423
4743247922
214397494429
2123442121434422
4544292686434643979229432624
22214323924492
92992392454422
432446272343922944
292621264123922148434422
432521234422227922
47262625
26252443852623262722
452688447922
259747922741484743247922
27242492254445
972623244322487922
43252526454422294781
25274323
479227447922
22262424434422
2543414829434781
234321442422
92232943464397439247432981
4443242229444324
41922399474422
85438544499224922445927922
46234388884744
4425219229484388432441
444646449729438544244422227922
249223239229432624
2624267922
21234448442422434744
992326242926229227237922
92292923929729
234497442129432624432229
21488122439792474781
97232797439247
9926264744
92412343972747292723447922
4623922944232443884422
212647432622
484349432441
2392884422
21924725434423
212343254781
4492232148262444
259247928443
45439225442944237922
414726844324414781
2247434544224826847922
84434184924122
4843414822
229748262647432441
41242622294397432225
99272997484423434422
41279223922429444445
97262422292343972926237922
97922323434423
25432424442226299224
2344854447474423
472697494292847922
848197484423474481
27244792844627474781
884499239222
282792452392294397
4843244543
9927474781
2527299229432624
219225214423227922
464447472684224843217922
974826212229439749
222724299224
97237922
432445444743979297817922
4924272948
412426222943977922
222623974423442222
99449229434681432441
45432241239297447922
2143449744842623497922
84234424
43244543229723432543249229444781
974743267922
292392242241234422224422
2526244429922381
92292923439927294326247922
26272941234484
48434423264147812148439722
464329294445
