854397292623817922
26432429254424297922
2127232227442322
4623432249434781
29922992237922
4543229726249744232922
4844232645262927227922
979247439726
4486972344254424297922
22214726299748434423
99272441474423
2527414147447922
92442326994397227922
4126414147432441
4826844447477922
224843432992494422
922444252624447922
4345474422
9926999947432441
479227249748432441
262392244144924544
25262326979726
9748922441974827247922
8443454424432441
269797434544242992477922
99922424227922
2292234126247922
4623924347
46439923264345
268544232392294445
2543474743254429442322
92234329482544294397
489224972697497922
922729262122434445
222923924141474422
23449222262492994744
4892232526244397927922
4544222943244445
25922424
979221262444
992326434722
412624889247267922
239223444681
2143472629432441
2526474727224922
4126244584922492479224457922
4544244325
454443412422
462623442229432441
44244423414388432441
432443294326
474441922944447922
479299444747432441
2923439927299223434422
4592257922
28274329267922
2292232292219223434747927922
4324292392242243294385447922
25922397444747927922
97922424929943224422
2745924747
464726212143442229
292623254424292623
2143474644234445
4926264922
2648257922
99924347262729
224325274729922444262722
29444744979222294423
992684442322
9223294322294422
2243474943442229
434481922227
99268422292343244122
22482797497922
84262349224844442922
92474726814445
2126844544237922
432485432243994744
462623292724447922
462344444726924544237922
464326234522
4623444341482922
2292244581
4592259222972722
4924269749262729
414492238448444447
45232725
9297232624812522
4726867922
9927222944237922
48922599272341442322
97272229262522
92232943464397442322
4826232244259224224843217922
9923268422447922
212343249743214744
294844232592477922
212326252624292623817922
972684477922
