25262449
4443414829434429487922
44862943249729
9944234922484323447922
239224294445
2527292926247922
462747464347254424297922
2226272181
97234445432992994781
2344474424294744222224442222
21922228279247447922
4324414424274329817922
844499997922
45269923267922
4843857922
454492244523447922
45432444
27244627242481
45922429447922
8543264792
922248
972647474497294385444781
4192432422992623262741487922
9992474722
43249747262244
4827259947442229
292344222947447922
264143478581
298443292944237922
928192292647479248
4892239224412744
479229484423432441
4727974347447922
46474324297922
41929947447922
49472729887922
974321484423
8543294397274729272344
9743244423922592
97262721474429
442827924743889229432624
972729294423
2248262629442322
214423272292477922
844447454423
9726242923929729
41474329294423432441
48264722294423
214826222148922944
42432525817922
97484345454424
9743239727252297234321294326247922
474341244329447922
972326842422
294844232526214792222943977922
444192474329922343922422
25922328274444
99442497487922
29489224297922
92242426299229432624
4826474726849281
412344249245447922
9743244425922297262144
9223262592294397
479224494324442222
424324234349432248927922
29484344854445
41274347454423
292721272441922926
972624972697294445
97262521442943294326247922
2948262392867922
2544239749
23924324432441
29232722294444
47279749242684
9227234426479222
25442445268892
45432243242944234422297922
24922323922943854422
4692294844924522
972624854424294326249247
44252147268144447922
294341234422224422
2827922323434445
224892232122
41442625442923434422
232799452684247922
222992817922
2326998124
489288432441
9726248544812623
2229232729
4826232647264181
419222214445
222592232944244445
259229479299
222527414147432441
219223222624924144
48444747432624
