234324457922
478526857922
2192474325262481
21224892847922
4523928122
43249727992722
214843479229444781
234844262229922922
234499272929924722
2248264448262324
29432441447922
268543457922
9726472623462747
9246464497299229432624
44814421434497447922
92282792
21484424269992239943299247
2227232492254422
454346464445
21434422
994324454324417922
992624482644464644237922
294424454324432943227922
44242923922497447922
22274747434422
45439245442522
922524442229434422
44454346434422
99262724454423
8492299748432441
25922397487922
442599444545432441
422725214324442222
474324224444457922
25922441264422
4792244522979221447922
45928424
22264629999247477922
454447272243262422
4826474743447922
4781222647
239243247922
9927999947817922
97479227454324447922
2344412344297922
43412492294327227922
992343299224244392
29432122434423
9245442492274423
2243412443464397922497447922
4744252723
844492224447432441
2144232144292792474781
2247272547262345
23272129272344
282743862629447922
44248543229241432441
4543222192234329817922
922527224324414781
97489225262543474422
25262926239792237922
22292343854424
46442745
2226992343282744297922
26888843447922
229247442324267922
21442349434423
29262325442429432441
212326469224444781
24264527474422
29262149242629
2192472143299229432441
2297434424294346439792474781
43242243249744234329817922
4123274422262544
9247262488267922
2144232244972729432441
2392214422
27224447442222
2144232144292792477922
4227252144237922
242624219281254424297922
464323442229262325
259223922745432441
22294444214445
43244523927922
924525432344
97262422274729922497434422
99929749464323447922
26864626234522
212281974826224422
974892474922
22262524264744249744
2392454397924722
97262427244523272522
2426244324294423464423442497447922
26882624447922
48922445224429
41474322294424
44862147442943854422
