992326254324447922
454346464423432441
23434541447922
9748922144232624
212622292592222944237922
2292214344249744
99924121432144
254322974441442492294326247922
219223474481
219223294397274792234329817922
44869225
219247252647438544
99232684244344
234497442222
4627292723432981
454446442445432441
8443249748442229442322
2243252122262485434747447922
9748448443442229
99444522294492457922
214727244144237922
4827229992244522
222799259223432444
994429239281442322
45924747434422
22214324244423
21922329439743219229432624
454447928492234422
292621222643477922
212725214445
23442123269297484627474781
994726974992454445
45432222432192294326247922
812725
4644244392247922
479224412792414422
462623994345
974892219223239247
992625999222297922
2592242723447922
48924743469286
48928125268422
9726264744237922
25432245262444
2192239245434125
218123922543457922
9923432249442922
45442526474322484422
45444799442329
23444522484346297922
22482623299726254324417922
9992229247
412743454447432444
97272344
2229439749432441
484423254329
43412426254324817922
22219223299224
444727974345922943262422
924144244592
2923924143972625444581
994424434124
282743217922
272443854423229247
42272497264422
452684242243884445
464792997922
84444344232229239222227922
46442325442429432441
222743294324417922
854392994744
22214324
849224249299444422
992344242492247922
23444744922292994744
43248592454422
97268622849243247922
299222259224
25274447474423
212724432248254424297922
97484397499245444422
2944252122
462344444792249744237922
43852623434422
4324294423249247438844
9744922722442297277922
97232684
2543229224294823262181
214344232326297922
99929729234392
272447269749
85922343922429
4544852629432441
21297922
2724454423412392452792294422
229247472684442229
214792819992974922
21262723432441
2228274341414744
46432325442229
