974826474423
222724474329
21432292
2724294325444743244422227922
999224414445
854497292623432441
269797472722432624
4292972699437922
992686
214881224326294844239221432229
29239245432943262492474322297922
2948922997484423
4424234397484422
2943974922
9747262729432441
2927994423974744
2225274124442222
9923924825922127292392
849222294447922445
8544222943992747447922
269729928543927922
92232948234329439722
2544222943882622
222623444844924522
43252144234392474322257922
999247922497484324447922
2144234441234324922943262422
448621444543442497447922
9747924325
2992224892
48449229222923264944
4626474781
232722227922
294324292623442929267922
4486929744239992294445
432521924792
2297922422432624
8492222944462747244422227922
4126232244
92974924268447444541254424297922
97262429239297294445
22272499922948442322
2247432449432441
99432329484445
4144442244
999297492229232649432441
432521262222439943474329434422
244397494447264544262422
432497234325432492294422
99448544474445
412743474726294324432441
41922323262929432441
228426217922
2227979727474424297922
972624294422299224297922
454322992723224422
92244144474329927922
864385
26464643974326272224442222
972626474781
452326212281
849222482927997922
92862624
43244329439229432624
29434544
462392294423244329434422
9284432441
92244144474397
45432344972926237922
25439723262147922229439722
9223294397274792294424442222
44242944232992432422
9723272292454445
47922521262624
22974344249744
2724439781974744
25262722299297484422
272148434747
924797262929
462622294423
972624974727454445
4123112444849247457922
448692257922
222992294424
972624222143234422
9992474721479281442322
4743222926247922
97922342929749432441
472647979229
29484324494324417922
97922997484422
9726297922
48439944232443927922
44242827432344
974792234346434422
482699922329
254322214792974445
44862147924324
4826264944237922
972344454424294392477922
