9981
412392244524442222
4486929744239992294445
412627414445
21239241259229432229
2724469285262392994744
2227214423484341488492817922
454392214823924125
484497922944
46478122214497497922
2244922397484743414829
99474341487922
2247444421814844924522
994423412226247922
2226232381
9944444843854422
242624994447434485442322
2248432922
4341242623922429
992746469247267922
97262724224447432441
45442426254324922943262422
92432347432444
442221924523434747447922
4425994488884744254424297922
994497494429297922
44474922
259243474423
229227454322
224325254423432441
474424227922
2229432127479229432441
972625254425262392294422
2544299222299222438844
2344222723234497294326247922
29434747
448697444445
999299434445
4743282744272322
2126232343454144
2544232926247922
282792474329817922
4644299748432441
25929723267922
259222282744239245442322
844347479225442929447922
21264597922229432441
22294427994424
222923432129449222447922
294324927922
994429924944
499229234324927922
4626272346264745
972624222923274422
4397449926867922
29239224224627224422
84482623444826272244
844345268448262645
974726224423
432485269792294326247922
254347492592434522
2127234322297922
448621444747432441
489223454324417922
2948272325262445
972625214424454392
99924547922445227922
474441924743884445
9748922381
4792292943974484262349
4692472244482626457922
25924347432441
41922323262944
2699444743224922
4844924584262345
232627414848262722447922
9726242923924543972943262422
212684444747
4326454388432441
4592817922
482725994744244422227922
2147448643414792227922
22294423242725
254397489244477922
97239229442322
29262944257922
2926844445
43252592294423439247
224823274141432441
214429442322
85924744249743927922
4543244445
212746464423
4425212981
2127464699924747
2192414422
21232645434181
434544264123922148
224324414744
2344454422434124
