9944922786
212647812444224392247922
442448922497442544242922
224892854324417922
484492294822
29444744214826292622
252627242922
294329439224
212326854322267922
4323262481
24272599442322
81924727
222723234492474322297922
84922324432441
442599922323922222432441
22272121479224294445
2943242943242492992747922943262422
9227992723247922
2126222227257922
23442492254445
4643412744232692
29442445442343884423
47922944239247
2284444429992344924522
974792432326477922
412344444922
85264729924323447922
22262422
47432521442229
99274747442943244445
2526249227239247
444799268422
4527922444
4523264747244422227922
844892234622
2724454423972723234424297922
9726232344972943262422
854344844643244544237922
92232943222944
234522
4544859247274422
25924892239224437922
2624972647264181
2192974346434445
2227244526842422
459244252624
219229924126244392
859223244322487922
259223922745
22432521222624227922
29929749432441
4126222144477922
46472622224344
222526269748432441
21427922
45432929264445
4324294423472697494445
464792
222992994347432981
4544244392477922
2443292392294422
412792239224294444
84924749259224
412344412623439224
454497442497817922
244497232625922497442322
2627292343414829
81264148262723297922
2192234792817922
23444325992723224445
992647264124927922
214423462725442381
2144292724439222
269992454392487922
214397927922
26854423972626494445
45922344
4143477922
9222972343994445
9925
97482343222981
222827922248434423
4826262997487922
4647267922
972625252724432981
99922744237922
229223414424297922
4422217922
234497442222432441
23444424929729254424297922
292741
92212144232992432422
25269749432441994323457922
239241927922
259222294497292625434422
49922543499288447922
8543232927262226
21232621442329817922
974843474599449223432441
23444744922244
