2426294346434422
47262649262729
222181849223447922
814492234743244122
448621472622432624
999922
4425992381267922
21234446929999432441
25432392972747262722
9285439223817922
41274223922484924792
2126212181
2426244827259224
4627412744
4526842448449223294445
454322224321922944
972723292281
2284262345464322487922
9726244526474445
2948234422487922
97232786
2985
48442345222592247922
2344232627294445
46472626454743414829
2297482626479926264922
4792244547279999442322
25929723269726222522
859247852647432444
972622254429439722
22482629
489223474428274324
212623294424292627224781
2943974947432248
219243237922
29239285442229817922
2927234925442443222992247922
432485432243994781
2147924127432441
9792239285922422
2592244592234324
25262622
4123929947447922
97922992259223922422
472725994423432441
29449225842623497922
22474321492426297922
2292432429
992627434747262422
9792854424454322487922
99432228274397497922
4425214323439792474781
252645454445
92244144474397
2492859242267922
992722
25274545434423
22484424819224417922
222143474722
9245254323924729817922
9992479247924349927922
219229292624
97484346462624
24434148442229
478124974821432422
43249225262392299222
252627242943244122
97484422292427297922
979223819229434522
8592419223434422
4243244147432441
224823434747442229
4844254743244422
9992998122432929432441
92454227239229432624
21234429442422432624
9944234424439744
214792979229432441
469243294822
29442323924324
488121484424432441
259223447922
2526994347447922
47262927227922
454447854445
2147262449432441
21924547269749
234844262229922922
212326252622
99262229262422
9225212729922943262422
2426232948442324
4147922222462747
292392242827434747438844237922
224322294423
2244239922
97238121292641239221484423
48262144
2544259944237922
29269981
