469223448444474722
2227419223972692294445
29484422442722
43242944234422297922
29929927479223
229286
442441924144
4826244481222797494744
292723457922
27249944922992994744
239224457922
22274746272322
2592494422
234443249792232492294326247922
29239224224123442222432624
99439222224445
47929749432441
2543974844472699
298121482626247922
844344244423
23922943262492474422
244444454744842623497922
972621479224457922
994792974922254329487922
4227474392247922
45442127299229432624
414445
48922243454325
4992464992
99442992494424
224829434922
482647264123922148
2327454424442222
47438544238427232229
92999923
454497234422974424452622
8543264744297922
21444526254429442322
23444643244423434422
23442444
2944474421482624817922
489224459723924629432441
92979723274445
974323972725974322432624
474325434423
499224419223262622
21479297432441
46269225
4424479223414445
4647272323434445
46262445922429
9792232492294326247922
22274329
922341274422
292344252623
972344214422
4743414829442422
232699442329227922
2126274148494444212243447922
44862923928592419224294781
4192884447474422
27244792844627474781
27214743462943244122
47262723454422
2123442422927922
4826264992487922
45274747
2948262324292624
97262346277922
9923268422
294423239243247922
2625244321234422442429
84432445229723444424
492799479243
2292854326237922
229247292248924944237922
97262329479224457922
22432441222624414445
43242944232144232226249247
23442526294424442222
414792454781
922429262481
92474427294392247922
47442443244322297922
92272926212281432441
97239225254445
97
264545999247477922
2326994423222624
48922441442322
474399444744237922
994727449944474722
494444212292494422
21442325272944
854424444423
254324432522
4692417922
22292392464422
48262426237922
2227249992294844
