22922797442322
22254345414324
22449727234329817922
97264324
97432923262444474792
22482644
46234422484424432441
262329482645262429439722
224492849281
84442229442324442322
972625219297297922
29442222927922
4992224481
4743474392247922
49238121292624
8423434141474423
48929749442322
43244329439247432441
9723442943247922
85924744242943244422
99262924442922
974892222522
2724454423222992294422
432497434544242922
4792232381
44869743224445
214423224392247922
2244867922
442229432592292623
432446262325922429
454425262944
99262649474429
2143292624
294823268492849281
22474325254423
92244144474422
2123442227212126224329432624
224943252143244422227922
454325432427442445267922
45448526294326247922
47922222264445
49234322482492
224843212248922144
9241432441
2229239224457922
214423462623254423
252623294397432441
4826294844924522
48262722292624
4643474744237922
4324294424297922
99262345444747267922
2284432997489947924544
2127234346434445
4692432429244422227922
21268484268422
21479224447922
8543974322224329274544
859247442343447922
41239281432441
819225
49924792224824434926857922
259224439727234422
432497442429438544
97264646444422
4192254497269749
2592474422
974792222243974322297922
9927292926244826474445
262148444743927922
45262392
254324432249432329
23272526237922
46924747268422
23442123434485447922
222799474492224422
25442343297922
43242944232544888843
229224442229
294423494447
259223974447267922
23442592234992994744
26854423842343294422
454399994744
47419929
262729479281
452684242243884324417922
29232724497922
99474341482922
979223219247
219229488492817922
469224299222817922
972623212623924722
4944852623494392247922
922341262281
2248262344
2244922592247922
2123262143242827432981
41432347482626457922
23442923262221449729
