4485442381
452721474486
97444729
448621922943922944
21272327227922
48434148849281
212326214424224329817922
212244274526
22214497434643977922
84239224414744
4623442444294397
2226272445212326264622
974425442429432441
97484325217922
9726252527294423
2344454421472681254424297922
432599232641474326
47262649262729
852629442322
2226242481
2581234592477922
2526292697232622224422
92479748442581
97262525272443979229432624
219227214423438844
928192292647479248
46474323299229432627224781
8492472988
464781998122
9981222992244544237922
259297442392294445
22442129442922
979223432492
84444421434423
47812521489229439722
9726244647439729432441
452723999224
472797434524442222
84262622294423
2592234324447922
4126457922
294347297922
8592474327257922
9726479224454423
2526994347447922
2244452747262722
432429442324922943262492474388432441
2543242729439244
442429482722439222294397
854444217922
444799442329
45442126232925442429
21234444252129438544
224345449792237922
25929792992344
4623268488434423
99262724454423
46262724299243247922
97272329
239224972623262722
29844424294344294822
922126472641434422
84924545474422
9923269945432441249241
9243239923272248432441
2724449223294822
432441474484262645
488121262948924792252722
484423929747432927227922
4623442497482592247922
2229272143454329817922
44922243442229
9229292392972943854424442222
41274747439943474329817922
972729294823269229
2229239243297922
854397922392414422
484399929748437922
9743419223
222127292725
2543244325438844
2344252624222923922497447922
4544474323432725
262729222123449245432441
27242444974422229223434781
239225229281
9726252147924324297922
4424452623224422
43248592454423
2192234424294324417922
99434146262629
21264781484445232624
432446922497817922
22432121432441
97478543
45924747434445
239223444781
922126972381214892
4544232343112344
992626492248262122
