454326248122439224
8492299748462747
2724449222434781
844329244422224445
4892252527239299437922
2248262629
214422224325432225
4544442344
214325214744
294844922923439792474781
4727222981
4623434424454743442229
22262729488444222944237922
972624422741922944
49232697
29442444254424297922
432485442329432441
99924747922229
2724229229432246434445
2147449222272392994781
25924324299243244445
2944294844237922
232626254627477922
25922329439224
46922297432492294326247922
92244144477922
46239227452747442429
9224442229484429438844
21442322214397274329817922
21922441
2526262447434148294445
454322212729922943262422
22929723922544242926
24272929432441
228492294844
45432222264727294424442222
92249748262322
484492232999272324
22294324294445
974892244543419223487922
4592414144237922
2984432229432441
2297484425447922
854323274744249744
259248928192244322297922
22929748442922
232743249229432624
2247262797484422
43244526474424294781
21262444
222992974344
2543244546274724442222
484322292623434422
25442422927922
219247474392294385447922
22292343214743244122
25262443494423
9944922785264323
242629922343884422
269947432944239229432441
21232625274741922944
41474325254423
25444792244144
292723494422299224
972624854397294445
47922341442222447922
4826474445
992688267922
2123442292414445
4923264144237922
292327244547432441
25922429239222
26248186
2229922943977922
269922972723444781
4388929249
25974324292622487922
45922492
9726244123444192294326249247
922229262724454324414781
292392242243294326249247
224325214743464397922943262422
22212343244199269223457922
4727882624
294444
2297262997482544247922
46432248482626497922
999223234344237922
22212649922444
9792252627464792414422
21929749442322
44454581
492729278826857922
2227494381924943
212326222992294422
42268122294397497922
41232744
412392854329817922
4844924584924329442322
97238122299247438844
