9247454423254424
2992232592977922
9245262392994781
2247922525432441
452684244726924522
84439749444524442222
454492237922
43242623454324922944
29264749434424
232722224447477922
4486219224224385444781
9223294346929729
299224414423432444
46922229434543262722244422227922
229247442221442322262422
422697494481
9726844843454422
4826447922
262427224422
21482644244386
222645
2544294892452624
929924444192294445
4647274981
4924434148294781
9992494422
97489223929729442343889229432624
23264545442499442323817922
4827259927417922
454421262243294445
292392242297442445442429
4743454392
2221928424432441
222927464643244122
4192234147432441
454322972624294424294445
474341482924432441
2724494324454423
259222227922
25922343994447
2724274992474892437922
97262429232647
43299247439743884422
292392454425922349
22272297442129439943474329817922
448621262229274792294422
99234492494692222922
2284449229434423
9748444423434423
414324414423222492217922
229723264522
4626234126
2348264544224392
9225817922
46234428274424294423
499223477922
27244544239748922341432441
84449224432441
25434729268424
48272592244423
9748922397269247
97272347
21264747
922745432926234327257922
972624464423234445
2541
219247219229432624
2592474341244329817922
259229882629
2443294422
2544454392
268544232443414829
97489243238426254424
21442447432944
432446922927922943262422
224992294445
844499224329447922
4527214445
48922522292343244122
229747442326224322
454322482624262322
24262329488444222922
85264749228492414424
41234492294423
25922328274322
482626239281432441
462392412624922345
9223294397274792294326247922
234446269727224422
212647439781
849229442399269223454324417922
212729
2229264744
9723432449474445
97262521922443262422
212344442521294385444781
92458544239943924722
9245854424292723262722
4892244544477922
448621472623922943262422
