2984434743414829
2292854445
45274447474322297922
84234329484422
2148922325929726214443927922
234492212126432429432441
22434544979223
212623234324414423
22282743234422
9726254445434422
49448121272497484445
97262529447922
9247974422294322
432543299229432624
474492294844237922
994492277922
849247454424224392247922
479224979222484323447922
4881214423992647447922
974743244397
2627292392244922
9299262329438544
2123432222434423
259247434124922497817922
2148922325929726472641432229
25449229434423
92242943282792294422
489224497922
46432325922544242922
2527222226474324437922
294424922497817922
254445924722
22272121474397922943262422
4527249792247922
9726252544239743924743889229432624
4543229726242444972922
99262948442322
97924797274792294422
292327222946274724442222
99264122
47444422992723417922
254341482981
4192244544237922
21442445442429
4543922923439944
48439797262741487922
92234322432441
85444745
9992434726272922
92474341482922
412326414143244422227922
222721
97484324494445
92212647432943979247
4647272623434544
979224264443222922
29482326849992974922
24274541447922
9748272525434423
844343
8844214881232722
22434148297922
452799
99262647447922
97262525922445432441
9943419225262722
412792234522259224
2527479748432441
974823432229437922
23449222262492994744244422227922
97262429442429432441
26474341922397484397
492729278826857922
9944442322
97922399262327244527257922
2827432121432441
84434725432441292624
45442422
22272392297922
25432246432344
99922323439792454445
454497264544
9947929749244422227922
844349434744924922
254397232626234192244322257922
43259241447922
222625242647442429
4143412647267922
4226249222
454392972343294397
24439749444726454426247922
222992232343442229
922222442329432624
4892414147442322
4143474722
97484444234324442222
929797262345432441
4843414842929749442322
412647452225432948
292723494481
