85434544269792222244292944
922397484426472641817922
2444272923924743884423
8826454392979247
25442397489224292592247922
4744442299272341
21432449
24262992234388432441
97922997482721
97922992478122297922
2923432244972922
842625997922
212926474425817922
2592459792217922
8526819241442322
9726242943242792
25262429447922
44242923272229432441
99924747
2247264192247922
4423924543979229432441
4499262481
49448124262944
47269229484445
2244974422224326244322297922
214445439229234397
929922262321294326247922
864423264123922148817922
22442192239229432229
2226212623434643977922
432525442422444781
292326974844447922
22294424454892477922
292725994744
2992217922
25272943479229432441
99272397487922
499288262622
844322449723929749
99924541447922
999229294744254424297922
9981994726227922
21482624439722
4523922449
452343888847447922
2544244392474781
24432429487922
994492232492432244
488121264147819744254397
992725214423
848197484423474481
21232697272392292623
41928844292944442322
4692254322484445
4523929922
844424
46474341482981
22972627297922
46479224
922729482623432992234392244322257922
99272441474423
99444599274122
2226972392294397
234441432544
219247254322292381
22292625217922
22292621214423
482627224324417922
23432121474422
2892299223
929792454425434422
9927974884924745
2226274746274724442222
4422972623294445
22812445232625447922
224826844324442222
244341419223457922
2729294423432441
2181232625922443927922
9244232646472629
21232622972343994445
45449223244422227922
8443442592237922
41442444232622432981
2244972344294781
432229482527227922
4227412747922322
234492454324417922
4826212297262997487922
992797494744817922
2192434746274722
47432948264123922148432441
22979224
97922143292647432444
9224924781884445
229297499747262948
4192244147432441
22972392214423
432429432592294422
4626234422924347
