8843239726247922
922729484424294397
2944924922
22924744228426254424
92454227222992994744
2147448627224422
854448439727479223
4626494944237922
4523439947442922
464727262343459229432441
23268444477922
842623257922
924527472944234422227922
474397482944242229444324
2249274747452741414423817922
84484492477922
2685442344862944244522
292344817922
45439222212623927922
2343972697484429432441
22292747294346439792294326247922
4627294347444781
29922326
25264545432441
4322278827
21232697239222294324922926237922
432948929792
9299239225
462392434729434422
81442229442345928122
2243452444817922
41448441928422
29482723994423
22444592294422
482627224425924345
28279247434643979229432624
26212126232927244329434422
2147929744242992
29234347922944239247
2592974943249284
9723442943247922
849229442346924747
224347439792294422
4623269749
2344292326929729438544
9726854424922429
254322294423
439744
2592298826487922
454322214423224326247922
259725924826247922
2126474781842641
2543244325438844
454497432592294445
85924744249743927922
414844292926
979229464322484422
4726462943442229
92474392224422
862547
922723444743927922
2622974347479229262322
2724259249432441
214792414392234388432441
972697492326929748
2292414422
4892252144237922
252723252723432441
262329482645268681
41262622432441
4486974844282744237922
999223494423
2722442444297922
2992992722
2526249227239247
99232722487922
994492294423
2427212943924722
97434192234429294422
8443244423434422
41922226474424447922
992326242926229227232722
9726264744817922
84268422
9723444421434781
854792224397
9223928492499224
92492326247922
25439748434192247922
26972747922322
25924345442448924323
482648482629
212343442229
4644242444477922
2927232492992627297922
4592294385447922
442229239224414445
494422292344477922
4623432926
222144974392474388432441
