4892234547432444237922
2944244429
2526272429924324
454322442429922441474422
244397494447
4626234499264544
454392242492
4325212629442429
48262229444722
294324224447292684247922
97262544454344242444
99268143224824442222
2392459747434646447922
92212144244592414422
2224262344237922
8547922543249749
9927474143442229
4325212723444781
2948232725254445
999222224322297922
262345432492294326247922
41442444
4322299224992747
464423259229
92239748924426472641432229
2144239744212943854424442222
45442244412344419229432441
432445434124922429
23439748922345227922
2244238543974492994744
974843242622
4126442948447922
92212747444327227922
41262723259224457922
2326242481
41274747442922
222748922329267922
4592464643442229
994443232729
234346297922
454322222624922497447922
48268443298844237922
97232797434681432441
4826999947432441
259224414445
994322229227
92292944252129
252647454445
2144974922
9246464323259229438544
26292926
2992254423927922
482625439743454422
97279944
92232226244322297922
22922445994792222922
4486214726432922
9723444447
2724432429444747434143994744
422681234345447922
4926459249
4892234524442222
4844869245449743259247
23432441474324417922
4726448422
2543224423434422
8192494325927922
49432929434422
9923444497487922
9992224447
294425212623922381
229723922122
2229234492257922
24922122294423
2724974823432229439224
972623234447922944
9747442341818426259224
854344292492257922
282743888843979247
8492412444237922
47922144477922
448644232943262422
854324292444237922
2685442322294421
224492972692222922
9748274122
972344259229262343272522
26854423222144974392474388432441
97262525272443222922
929999922243457922
972624462722442322
222926232543442229
212344234497262345432441
2227494381924943
844843292592247922
99274646262624
2344292343448544
252729294423432441
97922229474445
48442388477922
