45262625224592817922
97484425432244
4486974792259229262381
459225214445
23444486922543244445
224826232948922445
49922923432492
97472625214445
44412629432229
2827928147447922
2249434646
27249223254445
9944924922
29449222212626244627477922
4643234497239297494423
849229442347432444
454421294822
244422294743244122
84484329432248
4892414147442322
2641434785817922
4692229743249229432624
222944922522484321
22292643977922
92434722
97262827442929447922
9247474423414322297922
2147922229439722
4892252527239299437922
9747449224244422227922
25432222262747927922
2326854423
23262244259223817922
97262429442229922429
2344479286922429
294884922329
432446442329434744
2923434147819744234345447922
482685489224442222
25922322484422
2243888847432441
9748444423462747244422227922
2697482692
4486214423432544242922
4425267922
414744447922
46474341482943244422227922
222148432497294423
849222489747262948
474349444743442229
2527224944474727244144
9923924324849222484445
2224449249432441
844843974844854423
4827479222
9726218197922922
448697432244
25979247474424
47924543244122
2147262121432441
272499262324
252745454324442222
994429294445
2144214324
282792232944234643249247
259222294423979223457922
4843474743442229
27249726244543294326249247
9285269792294326247922
2641454424
4486214726432944237922
9223994329239229262322
992643474423
21928147269245
924585269792294422
2247442129
45264545442322
4292434726237922
4881452392294422
97484492212249922944
26414544247922
2244292947442544242922
2724234422297922
259242262397927922
2443974944472645442624
4626239744462747244422227922
48924141922345
21232629442229922943262422
994329294423442229
432521442392294385447922
9726272329434423
259229432441
4792229743854326272224442222
9222812525442923817922
224341482923449245
999223249223457922
4627974822439222
2221434747
4726274322439224927922
4743262443884422
