2948232644
2679232627234944
488121264544232543977922
29924347419229432441
484322219224432647927922
2524442526228124447922
2123442229434143262722
48928449432441
4623442248442922
4543858581432441
2248264545434781
45449992294423
259221272926
2292814423227922
22979247432441
2344972641244388922497447922
45442645262343884423
9748922922
972622292725432441
212623294626474326
29444747442322
9727472543249229432624
2243454422844321447922
2527419299447922
4623922497267922
47449223817922
419247264322
434526474388432441
44922347432444
22434544222944217922
2123442944234329
84484322294744237922
2392454327224422
2923922422479229432441
99264844254392247922
222627244529239297497922
97442429432544294423
44922321482624447922
9726474524442222
4827252623262722
9792859247434423
97442422262322484321
97922424439992474388432441
9792248592229992974922
44854345442429
2445
2292474422214426214744
45432297234325432492294445
2944244544237922
48272599264745297922
9221262229922944
9792474722
43252144232927239992994744
92222244232922
9944249748
219222294325447922
842647224481
2292852681
2126294424294392477922
489222222697497922
22432521222624
25924747262381
258124927922
99234484442322
92998122224324439224
212326212624442429
27244486974329432441
844324412221922422
222799254329294445
2226844429267922
9726242229432192294445
2344212747224445
974844442244
21924543474792
2724222126494424
974792222243974322297922
464727294324417922
9992232444817922
46479229464322487922
21228197482622
47928144234445
97922222439222
452344222281
292392242225272992294326247922
4526294445
21928144447922
2948272925262244
2685442345262244
97262422214397272627224781
47272229
922543237922
22434485432441
2943212229442322
2724972627214744
25922341432492474392
99929749412326272445
45238184924747
974744462922
214492232226247922
972624462797439224432225
