97922424929943227922
422725212227432922
29442427262722
2297922929432441
212723274744249744
268544232244864445
41432345432441
2297234399994744237922
2221239243244445
2122819748432441
252685432441
418492474326237922
2292484399
25262429448543454426
212326292621479222254397
464323442243454422
2344464347474445
21239243234344
814423494422
292392242827434743884423
239243248492294423
974827252543244422227922
224423852625449748922443222522
29432544229792474422
924797274324
2192232943294326244445
482646467922
444646449729438544244422227922
99472697499245447922
45432248262426234445
97484344464423
9927244948262722447922
42928592
482729
25439748434192247922
2543222147928122
234485442427447922
4743889223457922
45262544222943977922
292344249748
472685449943234522
4443474444247922
214444844444
8592279992247922
97922521432441
4626222244
22449726244548922445
4692272492
24278888474445
8544242923439727479223
4424922544474445
842623222922
22494321
25264747817922
4544974447442392294422
222721442399268447
45449723444422
454485444726214445
4727974981
269929232745432441
214727974943442229
99449224
29977922
22449299444522
4544222192299748432441
27994328274329817922
4324452797432441
4526274148
25434729268424
9748922497447922
44242948232624442544242922
229222487922
229229444747432944
222992249744
9744974347
21442397264792294445
4223
272445442392974843448544237922
22448629922429
97262525432922
4543222992464622
434544924743222922
25432427294392
214727244922
97262485448144237922
219247474392294422
21234425432244
2943244144
2526272429924324
432497434544242922
97262422434124
422724267922
4423439749927922
46479223447922
228443214422
21228197487922
44222944999224
22294421222624
298444242943442948
2344214792814445
