84262544247922
44252147268144237922
25432997487922
432521922943442429
2248432444
214397292723432441
4881452392294422
2248922525432441
972624474481
992722488448929749
9297972723224445
4244844322487922
49922326
99444447432444
27242623434143249247
25924345224423859224297922
45444644242243854424442222
28272629447922
922392994397
4623444488432441
454322974726224422
44244792234144237922
444527922345267922
974744267922
454446239227454445
2592239743447922
922729262592294397
97922521994447477922
9923922445444322
97232622229944922522
2327454424442222
482722229223
21442944237922
419247474397
2297272385817922
4447474324412926247922
2327252144472229434729224943247922
9726
448621444543294423
8492292922
97264541442322
254447
41442445442322
9792232492294326247922
84432445992723247922
222126272244
2923264292247922
92242943292686432422
222799222992242943922944
252724974344
9285
922323268422
2227242481859247447922
4523438543244122
994326472641439792474781
972686
2948262392974397
4544299297484422
9747449223244422227922
4526844447474445
992641434445
234485438544
259222484445
292392974922
442143414726292943227922
9748922746464427234445
22442325262443884445
9792232381262729
2923434747432441
22219224454486
21232648439943294326247922
9244234344
2426242123264643297922
4324294423442229432441
214324972722
4743212622279729432624
97432397272522972343994422
9224432592294326247922
2685442384484447254324414781
222697432647264143979247
22929749
48922345842626457922
224726212143442229
49442929474422
9923442929
46264744817922
229727464622
99234492294822
9992457922
2526889225994397922422
2544232343254424297922
922121924792974843922422
23272948442346262345
499288262622
292326844447432441
21812344
442297484484432441
92212192234447432441
4826264944237922
222926974948264725
