47268447434423
22979224294445
272497474422
922329434423
489281
2226234422
419227412743247922
2122
929922262399
26222923439748
9748434446299243247922
972625254424222723922944
9224298492247922
9726972692242729
252629487922
922441442322
25928827234992
88449247
2344452444974922
4892254347292624
23449726242827442322
214424922497447922
29482724454423262722
924323254424
862592224422
212622292723447922
469299474445
2721232626294445
2326992629
459229444743244445
432521922329439247432981
4844474744992623447922
99472744242622447922
4325214726234445
47922445229229
2344974422224422
254486439792247922
84262349227922
974892474744244144237922
2192242981482622447922
254322972624222923274445
41924743474492247922
479223414423
442229262443922422
979223429297494423
8443244548264449
412624417922
2526242229239224974422
9297972622297922
214397494423432441
442423264725442429
92414347432981
412427
254441
2227994244972943854329817922
22279922299224294392474781
412692
4441262943222922
259281922422
48262322442248264422
224447449729438544
9245854397447922
224344222992
8526979247438892294326247922
4227439743244422227922
29232647474481
48922329259224
282792232944234781
9225272244254424297922
25922427469297292723432441
972647479229432624
479249224825437922
99432325432441489225
84444322222527474744237922
44249723269297482544242922
488121484424922944
4892244543442229
2592222943979229432441
99234444884422
9288922443927922
2147272445442344237922
2143449992474522
462623414423817922
4144922384484444477922
41432347432248
299297432924442222
4192472622487922
252624232644
244329232641478197442343247922
494429974827217922
224345442248268422
97479245
22292344244129487922
972392812624
4324294325922944
2326924599472697494445
4844928581
4192232326294422
48924747279743249229262381
454492454726974922
