25442397489224297922
4486292392972926237922
234422434544
22272121272392294445
462326294881
4226819744
439297972697927922
929922262399432441
224826232997924944
9726854429
4123432581
21232622292392294445
4243414144237922
464792299926922922
2192974422
9726252544244592294326247922
21234325254423
859222447922
454421442445442497434422
22489247472684442229
244341419223457922
452625924324
2923272229
2326272445842623257922
2326994422214344232344
4943452492214423
49262144974922
494423244447
28279247432992294385444781
972624464324442544242922
84924749262729
22262729484481
22438629817922
43244544242992294326247922
222926234423262625
99274545817922
22294421252629484423
4192234743977922
4243854422
99232626494445
4892244543979221
2527224397924722
97262497262345922497447922
234443252126224422
8492294423292684247922
22448629922422
9228274347432444
45448492237922
4743474781
2227252544234445
854486922943262722
27249944474344467922
97262442274192294326247922
2243222944234826264522
22974844452747442322
4943444799922281
2992244481
922492478188442322
484329929748437922
25922349222592247922
922325262723
48922321262624432441
4324464727442488927922
994726264581
412626457922
2221449223432441
432521274722432624
474444
23269245994726974922
92474341242544242922
9726817922
4844212992412624
2621442443244122
2227222992432422
214826292622299229
4543854345442445
99264729
854322924948922192292492257922
4425214792974425442429
22292623812944474744237922
97262429232685442322439247
4523442222432441
2221474424452623
99234345447922
22274744432592247922
4892222943244422227922
23442244297922
2126844892299224
43994743227922
2229929999432441
224843244423
29432429
9223294322922422
222625249225992747432225
9792299792474722
844324412427297922
859297922497817922
9228274329924324447922
2627294781432441
44244192414445
