8492232192294822
9222222697
9245422722294423
2986
464727244943447922
27244544232229922445
2123439781
22482626
2392854447
234485264785432441
21262144
25262944
412685442324
9241414726254423922944
854429294445
27242297232721274726272224442222
97262649442381
8423432943244122
412743454422
47262441992692297922
994792254445
48922445979223297922
92464623262429432441
4844472629
292723992629
48268544
27244445279792294445
974792847922
2126474397442592247922
25262444297922
8444994322264544
972625214424454392
22472621
22924729
214423224392247922
212747252624922381
2229439749817922
2526244481259249442322
2444922924442222
4643234429239221
9726417922
499248274727437922
999297499943294422
224447494323497922
99442344292992
25434123922943262422
8492432229999224457922
2827434747
2123448527447922
4592432381
259224414445
224425432392254322
2192239247474447432225
294341482944244445
46262325924743884422
472699998143222922
2229922525442322
972343997922
97474324439722
4447264322447922
23274581922345
222526262948432441
2227994743259229432441
27994328274329817922
294444249241442322
4843414829924347
8526472724299223817922
448697928592294326247922
2243454499922322
999247257922
239243249726922922
244429294423
2392222127294324
43244527974445
23929744237922
25922443212747922926237922
244349264792814485
4543224844854447
46262747
229726214445
484322227922
2221262929432441
2226474329274544
469292
454497262429922543249229432624
4486292392454329432441
28274447474445
9222432443244329434422
222927454499924944237922
27242344474392994744
979245414445
922722214397432627224781
99262649494444214324417922
9222229222224324922944
484322
922229232624262544237922
422641414423
442422972624974445
252647478197264545474445
4543224492224445
