992327244843474544
992627414822
9726474726434522
43244527222923439247438844
2544454547442322
294422299225442429
97474423442229262381
972625212747222623434422
48262544219241447922
9225928826247922
482692414344
262447432444
4543222699444543442429
22292721442445262722
212344229748262647
9726242923922229
979285449229
2326994744227922
97262521922329254424297922
224823279999442381
2526242629484443222922
2192474744297922
4324454497442497817922
29922345434781
97262121442322
2923922422262522
4743494492994744
26992244238592249744
429223454324431123447922
29432121474423
994422227922
4792252126262422
46432623457922
2292249729279223817922
4126999947442322
222799474429
24442544224422
229792474726214445
234445462623457922
2229262444842623497922
972627214422
4324222943419229432624
4744927922
2944252129234422224422
22484421484423454422227922
2724449222447922
9222219792
2248268499269229
4486294423254324922926237922
2948432441922592424341
2685442323272424432441
22449225432441
8492244147447922
4441412147922429
2923444949432441
4743994447474445
85432647922944
9241432992294422
212326844744237922
22472627974843442229
222147922929442322
462699
2221262329434423
212688249224
442441474322484422
992624244429
99262448264446464423
41239221214744
2221484324972944237922
21232622292392294445
4123262299449249
48262392974326
25922448272429
234441274727227922
44478122432725
22922446262343884445
47269792474781
974826244128432441
294425214445
41262426232348264492
29272422
224981479223494445
25432429432441
47922122447922
814492
214445442392222981
2621274744249744
212629482647454423
9792239926247922
972686
922525262443927922
442143972723449224
8448434646
299247474324247922
4123262797484445
25922349452684247922
4324494743244122
4792259949432422
9224929726244592
29444429262992474744237922
