41239222224445
97489224294423
294492224447
99234444457922
4424294827224445
47922441272623262722
45272229219224
2926232243
998121922222
254345222923449225
27249726854423
2724974744922447434423
2943259944234743244422
4627244127224422
452627994744459281
974329817922
99922326282744
419224414445
85439923922926237922
472626224445
224981229723922144237922
43252144979792994781
484345442627224781
2297484744212122
212343884446434148297922
229249437922
262722294423
452624262322
44242923922122
45442229432927294326247922
99264743854392
2192239297482729432229
432221444747
214344974445
4326
41262729434423
222625442624447922
25432223442123442244242992294326247922
228426234521479281
9747432922
244484297922
4544924547269749
974424292392477922
999223419243247922
47434427294424922429
4324224324279229432441
41264646
4626272322262544
2544459247474326247922
84262323434422
2526214422
8426244943442229
46262399449223
43242926474423922497447922
41239285442229
994345442922
92259222224422
4692249229439792474781
2221262624462747
2543474944247922
29239297442381
972343294328274422
4792259922494324
2243222243442229
25929748439285444747439224
224423214424227922
254322297922
2392262747
992392432443442229
844844448843442229
45442229432444
9726234543924722
994492294324417922
22282792234423
9992234446262629
222144444544237922
844322484627474781
47432948432725
45432444292944
432429239224442922
2544252623439247
9923432929474423
2227214423432623
99272324227922
444792992623922944
4826232244254424
9726252147439792294445
4743292944239927417922
224744272948
259247432441442322
21112329267922
45234388884781
282743242944222244249744
424444854422
432323442221262422439943474329817922
222147432429
842343414147447922
4343
9723442592292623817922
214821
