9927974947447922
4244844322487922
22972627234445
2297484322257922
45262623259224
9926262544239224417922
234441234429462747
8426234999442497487922
45432297262724294424922497432441
4425442445
259229484322
2526889225994397922422
454444
97262442264324432441
44244544928526237922
9947432948444781
25974126854423247922
9923432992242443927922
472797432445927922
2126474992
4692292981
224792472625
8492854447442922
272443244227234445
2923432525442229
972625219223922943854422
45442123449792294422
8592297922
922429439743219229432441
8526479792242622
419281442229
29239285444744237922
992326494423
452326842281
979223242629
2581232624
482724294744817922
2544922227234422
212392412592294397
4924444445
26854423212343974445
23444127479229262322
46474397494423432441
292723444424
24272599
254397484492477922
23449792214329274792294326247922
92972943854329817922
2948442392859245927922
2192234743922544242992234392247922
22294424264123922148817922
97432943884424
419223442948
922399262385432992447922
489222484322487922
2526262422482629
4126249245
2344222647854445
2292858543442229
99234345474422
2344994447474326247922
224727259944237922
2592249748272343927922
22439749442229
222192244322487922
482626457922
4892244543972392462922
922343882624922422
484486922544294423
459285442421262329
479221217922
454322254425994423432441
234447269792294326247922
2526224422
23448423432944
252645442324432225
2249274749442322
48439247449248
4943234947922445
43242992244143994781
972624292392212943262422
2144292392239748
239243249926847922
2724974423299243242981
92272392
2292478592452623439224
9792272943262422
972625212622432943262422
2926274148244422227922
84262349227922
46262325924722
8592472623262722
2148262926972621434423
2723222747432444
2344854385924722
29482724454423432441
2248442343
974424222723447922
432599449743474397
242725994423227922
