22279922434543922381
97232622229992237922
244325992722
4325212343222624254424297922
268544232992864445
979225214324417922
48924747439927232926247922
442521922948438844
97262485442341432441
43248492234522
259222444643444745
4743254422292624447922
92979224294827227922
9999997922
2126442943979247
259222294844924522
4543854322438544
22439749474422
462344434592
9247854324
92244143262147922229817922
2923449222272344
844321442322
9723272292454422
854392994744
22444424
22262729489225212926247922
259229924526237922
2923262929432441
43244446464497292792474781
4544224423294445
222827444488447922
469286
299297494445
264743854392
84432445268422
2143472629482627224422
92244144474397
46262222447922
4726244143292745432492474781
2592252526412392257922
99232629484423474324442222
294843244922
29262329447922
21234485442429922943854422
22442385434744
11974792432322
2944974824269723929781
234485442441447922
414425222926244422
4445442592
29924192472641
9792299247264127447922
4292819744447922
239245432629484423922181
239229299224
2699854423224422
422745439743262722244422227922
26232943887922
464399442399269223457922
222827444797487922
29442426237922
4643222946274722
244427232647264181
9747922248432441
974892252192434124
292343474722
452725998492432944237922
2348264526454424452326247922
2297262723
23449221214492234445
974743212144237922
268627227922
97268827254447
4445432926234392474388432441
2297234321
97262497262345922429
21274747448122
2226274646471122
859247432725
45432292232522
45434792294445
44234345922427227922
454499274122
992344864329
41482622298423432944
92459221294445
2992232126247922
85432327474424294781
21484424262544249247
454497434527262722
45272229992722294423
22294346464424442322
25432245432344972922
974827239748412644237922
994347474344
4526447922
9225434126
224345448492474922
929797232792477922
