4486974447474445
884497489223439248
494345249221214423
2592432444
4792294844237922
45279224447922
252688922599439792247922
2527234544232627224781
2227222244867922
232626494423817922
26259248927922
26854423239224
4892257922
9245852697922944
974892224329817922
48929944237922
234445264422
4323234485442344249744
97264844234445
4892244188482627
47922429442324
22444425474324442222
47272948442392247922
4345442429434681
2224262688447922
9241412392244543884445
21442321474486432441
81922324
2344259223282744
2144234329262444272522
22298141439224
9944232492244944
2592244592234324
229245447922
219223432248
23438527474429
2592292326244781
4543294844234445
252647472722977922
2123262244478129447922
922599432943262722
272447434944474348262645
432449994726297922
23442623417922
454497442429239247438892294326247922
2944214444
2526292623252627294822
234329279247432225
224485434747447922
29279944474422227922
45432221479297432441
2627294647922449
48922392244127447922
479281432441
4126474126294892
9943994743262148434744
9244232624922729439722
25272222432441
47442624927922
2122442745262481257922
454447432543294445
2344462623442229432441
2724234425432929432441
24449229
254347442229262444
974792234326244445
212624454423262722
4527464644237922
48444541447922
2143254344242926
97262521922222
2344452392462922
974892244144474324417922
25432222
43252147442544242992994744
4643234422292623257922
454325432427442445267922
2221434747
99479222214844254422
2192294447479222
454322488492294423
99439947432641239221484423
254324439726252127294423
9726252147924322922497447922
25432943419229432441
2699444743224922
412723414744
412743474744232526
2927234324
9246464386432441
239224452625244422227922
2244442122
49434792274492
44922321
97262521272944237922
2649928122
412392222243442229
222943474799262324
4543854324417922
4626234522
