234446432492249744
23442992434722
274192244592247922
442429442322
2344974329922943854422
84928124442299262326
212729249225
92814423227922
45444785432441
922926254397
212647299285927922
8544234543
4447232681
48924323214344974422
25444792244344
972722224445
2526222747
99922799474422
254445439247
234492454324417922
47444629817922
92244592472722439224
21264324294445
2127232722
29432441474324417922
48928844477922
2992482644
432497
9247299223
46928526237922
23449726252544244522
4744994422412744
292747477922
2229812326462692257922
97234329439743884422
43249726252147442944
259247474492994744
924743262948
22479221
972623264747927922
2685442347922121432441
254481442399444423
859297922497434422
2923922422214826994397
27244943244524442222
212281974844
27244892212181
412326854447432441
212326424497292623
994423442929927922
9726974946434148297922
9726262144239229432441
292623234345
29844492497922
2723282748922329
222722214497297922
432429232722432624
254323929748
224341244324417922
8127252543442229
922521484329484492294423
282743442297442429
9747262244244422227922
97922429262322
849229442399269223454324417922
4843234422
97922599234397
48444747442443222943977922
234324224422
2244452797294326247922
99239245
2227214423444126
48449223294822
23444324924745267922
84924745442592237922
979247474341239221484423
22262724457922
464341272344
979299922344297922
9923448848244485
994727442123432429
47928192849281
854397922392414422
46262323442229
9223239224414425442429
2123442244242922
452624924745
2526994347438844
92922326247922
8492224823262625
21232745442429439247
46268447
22482684992692294445
234397487922
48264943442229
29264347442923434422
924747444727439222
9247259229817922
2225432948817922
25444126
