442347922441
2446477922
9923924581
259297484324922943262422
974423294346439792294326247922
92239748849281
2344212622224422224422
272446234344244522
2244999222294392247922
2244454325442429922381
412722299285267922
92479743244526237922
22474444854422
464781844844444722
414826222922
494347267922
22922222434423
47449223424429
2526262499449225
239247444341487922
464324922497439247
9726248544244445
9726244544242292294326247922
44242948272243922229
21432422
21922392254445439722
432446474397294445
452725214445
438592247922
292343294424442222
994322282744
232684432441
2225929749432441
2426242148812243979247
43244544242927234422
292797272592247922
43242227234423
45439247264127447922
4324454446432492994744
2229448544247922
44244743222944447922
4486294425212623922444262722
9992452526272948432441
462641414445
972624454325442429
9723432441432441
4526264547432441
99234344464781
2126432326297922
23442544454392994744
43244692239729432624
224347442429
45442521224481
92844722
224892274792
47442525432441
24922927239247432229
224447298844237922
2526264543442229
4827864744817922
4423262943974322257922
42278629922126224422
488144249222
224826442248432444
26272945432229922497432441
85439748817922
442497232692974825442429
92474126234329482522
9726232444237922
2723432492294326247922
29234329442229
2144242243262444237922
219222292723447922
44242943294744
922923262126227922
979241244481
2126494422
9992224423
22264743457922
25432299444892854326237922
2229232725254445
244397494744
44854424292792474781
2592412443464397442497447922
2543222281
2926279748222926244422
252722224445
4892222943244422227922
2992474781
92259222224445
48262544237922
222981472722
99239225212926247922
8426264522292697497922
99444342432441
2192474425999224417922
2148262444294397227922
212747474481
2944922584262349
4123922427479223432981
