432445442144244544249744
992723417922
292741414445
41432248
929728279243242922
454322434747272243262425442429
2392974448262322447922
45432221262292994744
2243412421262229432441
23924347474423817922
22299297817922
4226414147432441
48272497484445
47432123449245
214423222792224385444781
22274646439744
46434243
844843294448449245
84924745484443257922
992326242926229227232722
9726259222
442599922341267922
464329462747
43237922
214426214744
9748924749992692234522
412692454445
42438544
21922943442429442229
22444449
9748232625447922
924542264324
449222447922
21489224442326882643977922
21232621924192294445
298121444692974422
99472626459727234547432441
8426239744222944232248432344
84922944232544472624
92244325922944
43244526262322
41268544232492994744
4643472948434423
48442325922148232645432927227922
8592432441472623817922
2147444541447922
2426248448432944
21442343474445
22442399439224
2927254345
29482327222922
2143974943244122
214321432922
97489223294423
9748448581
2297484492297922
214823442426472641817922
844422294423244388432441
4123274422262544
972621432441
2392459747434646447922
44854424294627474781
97262323272129432624
219223479281432441
29234392244127479229432624
4344819222277922
294423239297432441
849229442325444726247922
4424974726224422
84484492297922
9792474397264422
24262543249247
22214792224845268424
2143247922
432521479224294445
979223854422
444743224426
994323254324414892257922
9748922329432441
922121474328271145
43249297972723922944
99234485439223817922
41444745432441
45448592222992294326247922
224445922422
21232697444445432441
212326222144232627224781
47449222444826474544237922
9926262922292392217922
4544292392972926237922
219247442688264397
8423924329487922
48272248
2284444747484492457922
992343244922259224224843217922
99444522294492457922
23442123264123922522
814321
45432229234399272926237922
25114711447922
