2123432543294385444781
214423259224442429
29239224224643864445
23929744972627232244
99442444464329432441
979285439223447922
2244242243994744
47812497487922
224744442981
92852643234527212643227922
489247472797432426414424439722
424444237922
994447477922
9726849223454397447922
97472799994445
224826234422
429223454324431123447922
972624222624922429
2244242243994347432981
254441924844232988
2944232522
24268526224399432322497922
9792252144237922
259241244329274544
8592419299262445
454497442429
4726262922
489284294826232444
21479229267922
238145994423417922
2927234622
254429924747439792
224445279729432624
462626474892234543442229
2392292992247922
4843244544234445
2526262322
992684259224
2284929922
99444726244143244122
47432445927922
2147262741484445
992641414744
21442229442322
99434747
2943974944237922
2988922343249222
44869297294781
432521442343924743222922
4425992326434544234445
234499272929432441
9224412623927922
4626274724442222
992647438592237922
2944222943227922
99444421
48812126414781974425439722
229299262992414445
454424244322
4692249229439722
81854422
472797234429432722
29844444884423227922
922144232927234422
924543232624459297497922
4644444744237922
29262797484324414781
4743
2724272929442392994744
214823922244
97262445262543244327257922
422697274792234781
2229929943474388442322
9944452943254422
99929749479222484422
268544232243252147434681
4844242343442929927922
294324414744
972327259947432441
22279922449729432624
99234444884324442222
9224922926254322297922
272425922492414492994744
992344854329817922
992684442322
4447419223
8527479792244388432441
972625254424299223817922
999223259243457922
859222447922
482684
994424454386
429224927922
448592244144474322257922
244429842623494324417922
22279922434543884445
25922444278544237922
2248262329972625432441
992343459247
972624422741922944
