2326474722
2344222624922497447922
252622924397
222147922248452684247922
4147274481
49432449432441
2227242297234444247922
419224414743262422
4324222943419229432441
21442321442927922944
41269943
2243252122262485434747447922
46264181
27294397927922
922397484424442581
299223414429
454447928122
254397489244477922
262948442322
2827432929432441
23432629442322
22888125992623224992
29448692227922
9992239992234397
4544224341244445
25434744212622297922
47924122
9726274148432441
4544252623924743884422
99262441267922
414726847922
9747442343977922
92462944234446464497297922
234445444643244445
9792222992849281
2948442645262392
4324264646442422438544
239225
2247439749432441
2243474424297922
462623419229484423432441
222697439247438844
2724244444454445
462624454423
2327974922929749
99929981472624439224
4943234947922445
234522
43412792249222
9944474743414423442497817922
44922399274522
999247454781
29489247922543
2144299247
924721484423922988
994323458492299748442322
25439748434192247922
972326224344237922
99234492497922
412344922922
97262497262345447922
252647472722497922
2243474984262325
4324222625244392
25442429262322
24439726999223
972624224423859229432624
4992242292227922
85438826237922
45444744294445
4692242992224388432441
812684474445
432445438543452792474781
462921442322
454485439229432441
9992224397
43252123442222432624432225
29922729442229
234425262944244422227922
484397492649
219223469243297922
214423214744864329434422
482697497922
972624464497294326247922
47264541447922
474329294744
9224929748232624432225
4544212729434422
2123439943472646
454424434445
2144232544922944
462392249726
2192232943974321474422
97269749214329
9748434745994323294822
8492294423972627232244
472745439723262722244422227922
44479229432624
462623442284449223432441
234426234544237922
