2592458426254424
47922544242992294326247922
46434125442429
469222974324922944
9944474143922422
269947438543262722244422227922
22472699
4899267922
22482623299748922441432441
474422224444
44459225922544
224744442184449223
26464643974326272224442222
994448442526294822
2344972621434445
4692974347432981
464792254445
458144237922
9726244526474422
924542272229432441
88444743417922
234329887922
2123432429432441
22292392434148297922
22978129484422
222544922322
254322259224924144254424297922
2699472624417922
22484444294324417922
452722297922
22442543294397
979225444747439222
924729927922
224792857922
29432992247922
49448199269223454423
4647922929442381
212647432625814447432943227922
29482723259224
4192474424927922
22972343252592414422
222827439999
99442929442325442429
974323972725464423442497447922
97262429448629
97472645482621214423
974843974944247922
9726249792854329434422
97484492214423
8543234426
49432397482444237922
22272441
232629272445
2992254423479224447922
2623294826412392214881
9926234322
442485432326242544242922
972344442122
469299474445
41279245924797922492477922
99232729432248
43242944474744972927924743884445
272429484324494324414781
9224974826234445
292392242297442445432441
4324224322294424294781
22434544849247477922
929797272527479229262322
992623232684
2227244743414829
252627242943244122
21482344242647264181
29262481
2685442322292746464445
219247442229234324927922
26219247442297442429
85442329434126
22292621214445
414392242922
24434447224424
23448585432441
9726244626272445432441
272448272329
454444429281
4744924127447922
99474422224422
2192214423414323477922
432521262944249744
85442322434681
2326259224
222625442147929744
999223234447474445
979285432441
25449222272392994781
259286434747927922
2147449943229743294422
4123929947447922
2143922443222243252622
482647474423432441
972624854497294326247922
