4743474743212729439224
849229974825924944237922
97262525442429922944
4744242481
472725994423
2127472244
922948442492
47432444922544242922
974792252623432441
462343224922
21442349434423
922729262426252627224781
9744238543867922
4424854322924144
9223232641922429
99264548434548922325927922
494329487922
494322922441922443
23272424442322
868543
4324222943419229432441
22214345442381
92992244242922
29842646264745
244492244544232948924722
294325994423474324447922
474385442325262344
23279749229297497922
9747922222439792474781
9225262326272224442222
2526242229442322
224423252624438844
234447434485432441
4543254324432248432441
9792994324442922
8126277945
4526244388442929437922
2984432229432441
459245927922
992723297922
992343459247
842626452144974944237922
4445252624292624
44454581
228444922344237922
22434441447922
48812144232221929744
292327432441
242624212647432943979247
224823432444237922
224827292944237922
2927224944414444
4425262943262422
4226922424447922
4227244326237922
462344444792249744
4486972722432441
44242926252647264143222922
472645414445
2827438888439792474781
97928544232422
25274729432147434423
45262326294881
4643234429239221
294325444743244422227922
854447854429444424
24448629
29924747817922
432422432427922943262422
9222219223299225447922
2126292248442345
9927292944234647817922
994448442229
482626458443244922
254324454627474781
97474492234324414826272244
23929748444747447922
432429442324444422
2248262248262444
267922
24442621488129447922
45432227224422
42269947442222
22479281
2248268497922244
97238126414424439722
92992722442322
492788244429227922
48922385442229442322
992625999223454445
214792432422
292326844447474445
45444743242827442497434422
97432424929992237922
972326222284924749
4292244147432441
25922743
234492474726979229432441
2526474422299229432624
489243234743244422
