4324974322438544
47449222487922
23442147929744
23279944
8592432441472623817922
4744242943477922
97262422292343972943262422
9748432326212392972926237922
992344974944242343454144
45922444
47812521489229439722
44864341442497817922
9781232722
212326224423214324447922
45449744432922
47442445
47264126272922
48272429432441
4647272229442322
448629239297272323439727479223
43242944234692432948
972623244423
24449749474324447922
2125432441
4826272243244122
2943222227447922
2144979792454347472622
218123234843977922
272421262127479223
452381454424
2126474397448426254424
92854341242624
46264743267922
2427254423922926237922
29232627222244922786
212723974892224423
222923272522
2543474743214445447922
994397442429442424439247
972622254429264726414322297922
9297434522
4544244388442422
92992244249744
9225214743464397922943262422
2247272248
2344229743244522
9299994422224422
254345459281
21269749259223497922
45442543474329922343884445
9245924143267922
219224979249432441
26854423972625432441
2229924124922944
9726272144234324
4527264544242725
2126264744
84484329924944237922
4324294423
21
922248448543474744
219221442381
2297922323432441
29272349432248
47262649432441
254447854324
272425924944
2221474397442322
45432297262424449729
41432345442322
844329489247
262121262244
45268844
21929743464322297922
97814743244544237922
992381242444237922
4827254345434681
2227234143979247
242624994447434485442322
4843244523922497447922
44862144454329432627224781
442997484423
99812123264527972922
4325212326854322922943262422
212326212622432943262422
432497262323434143994781
97239224494445
22212392814423
2723414424294781
2224279999432441
9723432944234392
21442927479224294781
252627222992974844
97922248434423432441
97262422292327972922
414826222984234329294424
2226474544234445
47432543294445
464499
4627479923434148297922
