97262441449247432441
9241
42924347442322
41264141474422
4544214397294326247922
4341242625432443262722
2292854423
29234422219222224445
929797442129922497447922
99272497487922
84449249442229
92992297442222
26994743419229432441
43242827432243294326247922
454325442422432624
292392242243294385447922
48448692412624
9222292723439222
97232725994445
259297922329482723
222725922923927922
214843472647264143979247
25922397262443
99922244259224
464323222999262324
92242943252624817922
4826244422
2148264424439743927922
259247454385447922
459225214781
22434749
272445442322299224454324414781
262729972326212143244122
844322217922
28279229239243247922
25262144
974844814424244422
974726234429227922
97928144242444
2721222992414445
2226992343442981
882626
228492817922
479229854392247922
92257922
43242944234726974922
9244232645812492254397227922
2621484327974827227922
2344454322292343992729432624
2544294826452647264143979247
41442646462344817922
454322432441442427262722
2927297922
22434544222944217922
46262392817922
244324442944442429487922
268881259224454392227922
9923262748924892
2544459247432229
9927464626262422
47262724414422
4844254322214844234422
414344249248
4826999947432441
84484322214423432441
25924747922345
2948272599229723448422
4126432923447922
97489224414426854423
2123264692244329434422
23444743242827432248254424297922
464427459247
92248199264581
46444745222192237922
9992489279437922
4992294844234324447922
44259297439229432624
97262449
9247999229232622224422
9944232527459222
47444143224792292623
252647472722497922
4486432229442429439247432229
2827924324294781
4544924547434423
452343244943244122
979224244423817922
2526294743442229
21239224974422
2526244126477922
92464626234422294445
4527214422
4323234329922944
92244484
22244346464445
2724452744
92992297262445
464792292747442429
419229474324417922
432624438892294326247922
