9723274629
92857922
99444446434423
4626222243477922
84262349844444497922
2243454422294421214445
992622272422
48262322448448432122
924747268422
29272349432248
269947262827817922
4843414897489243237922
474399442392294445
22434892242627497922
84274892247922
99264745244422227922
2444269726247922
9923442544247922
27242244292947432441
21474499432297432944
41269229484423457922
4744922424
2297922929442322
22292721434522
41268544232422
43244447434143994744
234484432445432441
97262521272992294326249247
97924322222624
4623264141432441
22449744454422
97268544
25264792237922
2297234492254445
972645414423
44922229442324
4143474743419224
2543222827262944
262392247922
97432923262422
21434747922322
4844234422817922
84239243294822
448629262329
488145239227474397
29262222
46472722294423432441
9743214844237922
22294424974347432441
992326419224
25449224454423
25264892252544459224
86442326867922
25432225922492414425442429
29234392294847262422
4486292623294326244322297922
4127242444237922
8543224329
2147928199268122
212647439744
4647922929
452629432441
4881214445
21922324444747
9997
444592257922
21439724439749432441
2948262543222943977922
92242943294844224422
842344974922
229245432229
4826999981482623224422
4643249247432229
4592254392247922
4292414144454781
9245442129244422227922
454486294423
2126292944237922
92479726482647432225
26272921262229
26854423929729438544
97262621
974726854322
924784928122
459288884744
2597469245454424
2992494426854423
2923432592239224
2244922397484423
2699444743224922
41929926232624447922
24262384439748
4626862923262929432441
254324272297274744
43249245854423294424294781
2249434747462747
269944234743247922
4226224392487922
444322442422294443247922
4626474592849281
