924747269792294422
294823444422262544
4126234445
232622227922
4123264141434423
21472722487922
4543222126232922
224347267922
489229974884928122
9222214323922429
219223224497
48432522
4147432988
462343224392247922
9225994341272627224781
92458592249744254424297922
212641267922
222143242688927922
454322929947432441
2492252192
994441
272122299223297922
2292474344242922
4544214726812544242922
43244844234422
229727292947432441
29232684444747432441
844347454423
4743974424294326272224442222
97262497487922
484322224445
412685
97922399262492294445
22479229432441
4543229726252126224422
26239229262343979247
462623442229432441
4324854345432627224781
979223478147447922
45449726472624438892294326247922
97272599442347922445
214744242944262722
22292343244143442229
924423434422
22474444494781
294422294346434445
9246464727442429
4826242623922343272522
2247814781
4147812148
224492972692222922
432429232622214497294326247922
482621437922
84262647817922
214423214424454397274792237922
234421262243292623817922
222492214523924126247922
4647262392
2627292225922329
4892272497484422
9927234792217922
43242244232922
4792242481
9229234327257922
252624412647439224
22279929432947432441
4592464626454347
994321444522
4892844944237922
92992444419229432624
43242226252443929722
212647922445
29232797274744249744
2123262244478129447922
9726472624817922
2227992243454388432441
2592242744477922
26232948264123922148817922
992627239926247922
99922326244422227922
92272926214347262922
99224522
462623292724922944
45429249922329927922
48439749
22294444214744429297497922
212641232625
47922599494324
234442264324
219223294844242641442444224322
452647432441
22442422279247432981
979229432624
43249792239744239229432624
442527479229262322
4544254422244422
24444147434122
4192234627244944477922
472626469248
4324294423298443244445
