484445262443222922
44259744447922
2948924347922445
44869744212943262492474781
2926842422484321
2992252144234445
462692257922
4292244329262322
234497262599432444
46432344992741
41262646434423
9923439224927922
424446464423222624
84922221432248
9792234447442222
4324224324279229432441
4322278827
84924629
454347922944
45442443884424
4726414144237922
4743
23444123442222
2192219281927922
269797274729
21442325432922
489223412344928544227922
268544232126212747922944
924323474346294445
29922249432441
4292817922
9747432599442322
842624454423432441
21442429482627224422
9224294348442326
8543249243412344292944
972623452624
2827929749
9727238544
922929442521297922
22212643472221262329
9927244922
22979223974424442222
84262445442322
97474343
439944234392
29432544494444214423
972343254324264726414322297922
9926262981
22292685442143214422
2344854492474445
41439297262544292943
922325222923262441
47439944239247432981
412725
922397489244264726414322297922
4543224726454144
23444544854447262122
9726248543972943262422
972327252147447922
24272544232647264181
44862123442222432624432229
924526232422
4324454397922943854422
272129268424
44869743294422
212326252129
2227464623924144292944
459225432624
97922392297922
999247479222297922
4643234499924747
9992494423224643444745
259286432592
214843479229444781
24264792
2923442445434423
994492974848449245
45432997484445
4692272492
45449726454422
45432297479243254423
254429294423244397487922
26234341432492294422
232699297922
9726844892244522
2647454643444745
45279748442222
21442322279222438544244422227922
844324414445
922429482326212625262321484322257922
212392854592
979285924723812592247922
4323234421922392994744
43244827259224432981
8443454424
979224299299234341439224
25922948442592294397439224
972625214792974424294781
9224494744
