23448543859247432229
24442697262422
452624268592247922
2944252147447922
23442492254422
92274125442429922943262422
412743882629
9792274749432441
9947269749924544
22212626244627477922
4626232284262344
972697262624
844844249744
9727464622
29232722294444224843217922
2192234424294324417922
2126844423992692297922
43452647922923262722
9947269229
99922441432441
999297494726417922
2248922449
29232724454744
85442392
294424297922
448592242285434747447922
29432422444729268424
9992232343979245447922
4743447922
292392974423434422
222126262422462747
97262723294743244422227922
2143474445
2926242444
929729279247438844
972729479222227922
4544222992994347438844
849223482623224422
239221432229
224743244922
259223494429929943474329817922
922429922397294397927922
97922492211122
47434422
974844234322484445
412343448544
972641249297
972647479229432441
9992232948264726254484
2927232497269229
924148922229
22272144232427254423922381
492645439249
46432424432248
4543224726454144
4592434781
43242243412443464397922429
22262441482792
429227244543974445
22484447467922
282792474346434445
99234345414422
462623414385432441
292681262992
2147922229442322
4324432943924722
2344242922
4544844523262122
979223457922
47439749
99442229432323432441
294397494429
2221239243247922
259224432926274743247922
2144242481
9927472925922424
222992292729447922
4527222981
42272229434681
9943852627929749432441
979225442326247922
22438888474422
2527224925444726247922
22214444457922
9992242443222944237922
2426859223294322
224743414829244422227922
459288447922
9792474399442322
97922943474324447922
432485442229434192294445
274341482723
259226234322
45449744259944237922
2344222722974329922926237922
2526244126262244
2244999222294392247922
482725994744
23262521442322
268544237922
