4486219229234392294445
972625219297292623
294397497922
4181257922
49432449267922
97479223442922
4123922521439224227922
97922927474727227922
44234126
292344497922
97262345262422
41239221482647264143222922
844499432226454422
28272629447922
2344282743234422
2225269749432441
81264143
2927999981
2244214892234543
228492297922
26924927257922
2226474497432225
8543299225432422
4127292243442229
22494345
24434447224424
2127222927474422
84444323454781
2444974929434422
454447854422
41232629432722
849245447922
9743239727479229432441
26222923929743884422
9944462343442445
4324294424224346434422
212343249743214744
219224444743244122
9744242923434627419247
92212123449743922944
44999281
212344219281432441
4826224422
43249727479792294326247922
432525272992994744
2123262126224329432624
2123264644222243262492474781
45274422
4192232629294445
978199442322219297447922
4324442229432592994781
2592234226234344
9926264944244522
842392212144237922
2699462722979229432441
2243222944237922
234492472981
429281849247494445
2344292392972943262422
972621214423
9927224843244122
2192432429432441
9299
46472722487922
9723262584444747439224
43244544974322438544244422227922
8543972943254388432441
234492457922
45432292994744254424297922
294447449726252527294324417922
92248129432544
412344442485434747447922
9297297922
429241414423
22972326264144
47
452646464445
242788884744
224425432426474422
24434243242249817922
272499272345442422
99442229439247
262399432922
2543224544444522
992627249744237922
464726844423227922
974727244943442229
222722922424447922
2543244423924726414322297922
294843414822
974826212144234445
48922445979223
45264197922997484423
234345414422
48928147264629
48264797262599
2623214892244445
23442827432344
2248432441474445
922192232948444345
