412492297922
924744869224452392
2148922429922225
422627232444814445
85922428274322484445
219243474627477922
45432329434445
21228197482629484423922143222922
244499239222499224
424484444722
2229264744
268544232248262629
9285269792452622
992327222827442229
2123432497442222
2229922445262729
99479297492627297922
4147924545442422
242692487922
224826232922
4623442745439224
25442427
2592234944237922
25922927234329434422
9992432345
23924141444524442222
4827254345434643442322
2729447922
92239748924426472641817922
48262122
922222442429432441
228444922922484323297922
22252647474429297922
4881214423474324494445
2544234329432441
279792819247437922
4744414329432592294422
8192282743
4592234422
4126234324442222
4447449729234346434445
2292232926234392474781
92974843448592994744
22294423442629812144
479221479224457922
474492494445
2426242192812544242922
45432221442422442322
464324922497447922
479285432248
8426264597272929442322
45442543299222224422
294881232643457922
44454424
454422214423922944
25442948264543979247
23439999442429232621
4144232522
92229744244544249781
292723242229434744
44242623254329817922
2297239241414743442229
45262799474429
224325214744292624
46479221
4324462623259229438544
212788884744254424297922
2292454422
22219297494744
9223222624432229
23449297292623
4844922329
9247992728274423282744
972625212747222623434422
97924747262722244422227922
2992264322257922
99272345269749
4992294324927922
22979223922526279748
9981222992244544237922
97474397497922
444545432441292624
47419929
21442322439224
2943242244477922
2292232926234392474781
2192222243262422
849229442397239246297922
2527224397439224
222944249743474445
922948929992229792247922
99262324
2229448422
2326259224974422
29849245454744
92298121439792474781
9244232624922729439722
972327974399474422
45924592432225
92452747294423434422
