229224444781
212623292392819247
2244219223922943222922
8492232544237922
2227992244238543442429
222992854445
979224972724
44922329484445
9299272929432441
2592234324442322
268544234422294325922944
22812525442923439792474781
469229484423482626457922
432429442324432229
4523442222259249442322
99922481922422
2297262324432441
4324294423249229432624924743884422
484447212544442922
292628274422
4324469224292381259224
43248544242943262422
434749
85439729262343262722
2344272148264722294423
97262422442429432441
219297434681432441
444725267922
922445232643457922
4397449923449249442322
432429929729
46432445442322
2226272948849223457922
9297972627242992994744
25444543979223447922
99449926217922
21232645434192474329817922
2126222244
2229444747927922
212326254324442497447922
43412492974326
8127242492247922
29272349
2443244292
2426262949927922
2229234349432441
268544232221442445
4324854424294445
4324454425244329434422
214726274148224892234422
234497232745442297442497447922
2292479297432627224781
48444721
2699229727234329817922
454424299247
21434744
8644238644227922
999297492229262381
47922349222127237922
92979723274422
219248479285437922
2923432126457922
2923442445434423
234445262799474445
43252526239247432981
9944234399442343
4523922592294322297922
43244527227922
97262429929729432441
9947929749484492457922
414726262543442229
4827259224432225
442229432592294326247922
2229922349442229
25922929484484227922
2144929744259249442322
292686439726472641817922
234447449222432441
4543234423
9748444421432441
224744442122
4744242623447922
47264143247922
25922228274423924544237922
23442426859229262322
2244292947442544242922
9224292624812522
234397494424999297494423
974827974922
2126212747929744
979247854324432229
9944929748
45444543979229432441
229743442497447922
474324927922
2248268445268424
46472722294423432441
972624299297297922
24439749249225447922
2544864397922422
