454347994423297922
268544232344929748432441
9944292926237922
452392462943442229
9299422723432441
482692864423
26292648
2123444543979229432441
22272321922222
21277922
9927474745264122
842626884324442222
224423439247438892294326247922
4126234144262722
21262144
448648434792239229432624
432445432297234429432624
2244844423
99232627489248927922
2143474722992723817922
99227922
9944234492854425442429
4726474781212621
454322212729432441
92474344249229432624
454497922429
2123432497432144
214328274445
29922488922443927922
45232626214445
454392412426224422
974844222299269223457922
9225922343474726
2688922349227922
4892272245262346467922
9727222992234522
224892257922
432992432127
4792884445
922729482623432992294385444781
432492979744222243994744
2148432248
449223214727417922
22484423922992247922
979285432441
47262441992692297922
254347497922
2592452343419247
992699994344
9926272341442643227922
214325214744
22252626294824442222
41272424442381
414324414926
47444123262625
229222489281432441
234446272324432248
4581442229274646
2526272948214344974422
48272429222592247922
22262729489225212926247922
232626294423
292392974344
43452647922923262722
97484485232624
4324292392244429
4124928422
99444421
23442243454424297922
212344854424294326247922
2297262723432441
9747432544
4127464692847922
4627244143974345447922
414325254397497922
41234325244422227922
979221432992477922
234421449247432441
9229494324222624
47269229482226254424442222
45929723262422
454322442497272599442322
232624924745
994446264122
922325924543474726
462623442422439722
2343212622294445
4325214424454445
49812629267922
29239241439726254445817922
46274724442222
244324442944442422
22298125434422
29272399922422
9726232292432322
252799922392497922
9926264944244522
819223459223257922
212623247922
41434747432624
