2226474544237922
46234329887922
28272629927922
24224684
9748439749922292847922
48449247294843244422227922
2292974922
23449729272522
22292344244129484424432441
4692494423
88442229
9792294423
2526242647264122
442599238126244397
25442222432441
412626454344
4992239229447922
999247499224227922
46924722442229
4726812647927922
47434944244422227922
252792844381927922
4485922441444743884422
259224974827234392247922
23442297432445
2724454423844492237922
219247442229234324927922
22269249432441
29482747447922
22812429484422438844
49432599442347817922
4324972624974727224385444781
2343474944
259223922948437922
8492224899922243247922
972623234447922944
922441444726277922
4827229992244523817922
4626234423272424442322
4692494323
97924544249744
454497444544242922
21234446434127234445
29262722474445
4544442144244445
21482624448122
214321432441
259224294744214344974422
254322414385432441
2923812627297922
21922329439743219229262322
254445439743249247
4626442927224422
2224449249
2923432725214822
972747854423297922
92859243474445
484423214422
21922923439792
84444541432441
92979224294827227922
29489223
432521442346449729432624
22499229449926922345432441
219297434643442322
9947432988432441
4485269792294326247922
29234492222723817922
234497922429432441
43459248269224
212625212625
252624232644
9726474422479284
97487943247922
254422294388264422
9727974827479243247922
972624462326242992294326247922
22484423922926247922
2126222922
222426234944474423
41232697442322
234422434124922943262422
29239241439792474781
9927292944234647434445
99442948922481
25444192247922
272443262422
22472621447922
854347927922
842626472624412624417922
4627232623
442521922948438844
48442129924126247922
442929927922
9923922599474422
9923922922
46269748
46234429462747244422227922
24442621488129447922
2527239229
