482699249243477922
84484322494445
2123449744212922
29262723244328274429
25432443922927234422
2221444445
472697924743889229432624
4523924944
2297484388262148234424439722
272199449229
4523449225434781
422622442148432444
234443259927232244
49448121272497487922
884321214423
294844224322
4844232297484447
97239281262422
2627292592242644278523432441
99239222484781
25922449922926
2247434544237922
22482729448144
97482343222922
44242926272392414422
422729
999297492923929749432441
224823434747442229
92214744242981
974892242444474445
482724974899929749
9927299748442381
974844859247434423
4486484347922392294422
472684474324442222
432449434423
462623294884432948
2344974443854422
8526844447
45442221442392294326247922
9224922397484322294397
214423444123432492294326247922
97264727259943244422
922397489243222522
2143242721
2943254429929947447922
222147272341447922
45444346439792294326247922
2685442348922747432441
4227414147432441
412392294346439792294326247922
22212343242944237922
262143244326247922
234399
9224414744
99434128274423817922
224844232381
294447449726252527294324417922
212723444781
2248432525442322
22242746464423
99922929474422
9943859247854422
442229922944
24262322447922
412192
4744294892474781
9992474943442229
9241412344222226237922
412724224743244144237922
99262623
2192232943974321922429
22844444292544922922
97268422
27249748922392972944234322294397
212629442429
97262926242627
992729974844237922
22484444237922
22272592977922
45432297442324432441
42274743447922
4643244144239926922345
4544214744294445
4322434523267922
489247477922
452641464322487922
26854423224744442122
429221922424432441
48444721474422224781
92479224
4385817922
29239245442322
92244322444445
99929943442229
454497444385442322
45432228274344297922
25974727489224
844324452248434447457922
43242944412392294326247922
