48262649442322
23442227254445
4743992392234392247922
979247432144237922
974892292944477922
992729294445
454322922121264324292544242922
252747294321232697442222432441
464345279743922381
4322229297489223
22482684259224
21442327
999222227922
9923924122
972623242229924749
92994423239229432624
242624259247434124922429
4486219224224326244322297922
27242943234324414781
48924425264147269943247922
994792974999924747432441
212684
25924792812243927922
22974844254422
23439744
4492232444222922
992392432447442222
972729999297497922
4843857922
239297489244477922
99434747432441227922
8592252122
212326292688262624
2327494481224423
222426847922
2992244147447922
2522
29234397492229442322
929725447922
9726472923922444
92462944232248928544
4425442943977922
469247474424
262729464329294423
4623442297264422
2227992592234324447922
292692222925922229442322
22262399442922
292326274148
92414424459222
9221214792272244
252729294423
97234329439792474781
45272229254424
4445432922
41439944
262143244422
294341482944244445
2443414829817922
4447452624
21928544254424297922
43242292244423
479225254445
41232746464423
9944242481
2543239297474422
264743412697442444
97922344
22298121294397
444744972923262592412444297922
8444454543244122
44869744232129432441
992747432543977922
2221449729232622972621447922
974726999944234445
214444237922
99432345224444457922
929924444192294422
46474486
44862147442943854422
484492854322434544
41928526292944
222992414497269297487922
97922521464323447922
4526842499449229
4626274722
432497434544249744
85432445439729438544
449222298492234522
4322264745447922
9792252381
2625924892
25444592477922
992622292624
4486214497294445
2292214344249744
9726248543972943262422
844324222926247922
454429262492292623
258123439245
