22292392432942929749442922
45444527974445
482644452684247922
9748439749442422
43249744244543922381
224844
22922397262148924127227922
92259223922429487922
254325442641239221484445
244426249229447922
4324249229444781
22442543972624229743262722
21442599232649447922
42262243447922
294892457922
92474341244445
449927474743442429
4345474423
4226474743244422227922
41239288432441
2344922222442329432441
994492272344419223457922
25262324432441
24444147434143994744
4123432581
99474322294423432441
4544854322432441
412724248122929749
292723244445
212624294346439792294422
994341414423
849222484445
25432443222923922429
212326252129244422227922
414424274647449729
474826292244
222923432129449222432441
4425274722432624
422648922424442299272341
48449729922344
29482623262741484423
27212229922944
474485432992294422
22214424454324417922
25922392992627
2127232126232944454781
97264944
4544852629432624
99262222432441
229299262944272322
9224242747254424297922
414323294445
29442323922343272522
4543424922292392
2226974392477922
9224294321922329439747447922
2343454397274726272224442222
97262229432441
99262724974445
25999299922444
4445414423
4329442543889229432624
29262323922497447922
4881214844249229432441
9781974726292326247922
924744864322
222627224422
994792249748
299247479748434446
22259223297922
4792298543922422
48442424924445
9297294385432981
214843472622262148817922
454322282792474346434422
4544432981
994341922581
484447214445
224844232343
8443244423817922
244344992748237922
97262429239221294326247922
2724222144924992994744
22272445439247
41922343224824442222
294447444123922522
85264727254422
294497482443979247432981
25264522
239242927922
44474329432229
999223992745927922
47262927224422
462626294726262244
99262649842623257922
29432543454423
9926812244249944232381
21442343214823922243227922
4543229723432543249229262381
994497924725
