4892239943244144237922
4544854347254424297922
229245
43252144232226249229432441
234422442385922943262422
242622449947444445
2244254329439722
24928523922943472685927922
25432544294397
92252148439943262722
232799474422
852647974944237922
27242526454346434445
25924943244122
4792259222442381
224445442429922381
999245454423
9748272397484126442322
259241214344
27994328274329817922
4326299222
44222181
47852685
48272525432441994323457922
924646472744249744
25262444812592494324417922
22854447294423
432429432592294445
46264743267922
2392974944294444234324417922
214424432944242943922381
992343414345
92998122224324439224
9747442349432441
9723922449
45449224
859221434524442222
2248264447929744
84262645222592247922
4526972725442429
294423254329447922
2126478125262321484397
4226224421482226247922
23924347474423434422
9223
272497472629484422
27212229922329
259247924581
972621212647927922
23444844922322432441
44242992244147442544242922
992722484324417922
214349447922
85434544262992214445
992326494423
97489223472629294429268424
212643242947442222244422227922
472786442599262723417922
49922441922326267922
454445279729432624
92212123444844242243262422
9748922441432441
21928424224826217922
2944924944292947447922
4744414326242492432344
92992722438544244422227922
222926234446232624297922
294447442148262444
84432244
2526262422482629
97482797494744
29239285442229434445
922592239224294822
2526474781972645454744
222492494499432944
224497
84928681
25432229812144
23444541239285447922
92249247264122
9747922199269223457922
234486
46434424454322484781
489223454844922329444524442222
474423244423
86259222
9792222792472981
97922122
21274646432422
479224457922
234497262422292327972943262422
24922122294423
449223294884922345
92242943214826249247
224423252624
29482724454423432441
2926474722
8543414347922497447922
42922323442929
994427479248
