44464647274424297922
29442325432492477922
922548442322297922
22972327464622
22299247474445
4892252227247922
97489243242292844445
464347252229234321
29484423449246294423
92972827924324299224974422
23444744922324
43242944234726974922
2229232729
29232626217922
234447929944474445
214492974422
24262543249229432441
84434747432441
222747469229447922
2221922349474445
48442422474481
25442292
9726844744817922
268544232243252147434681
992729294423817922
27244743494447434423
4643869229432624
23449747922222434681
924721929792
29239285924347
452797484422224422
994497924725
2248234445454423
26454522
4324294447
24262485432647442497447922
4527239297444747
4423264544
269797272323432441
45432297262546262329
454344294329439224
43248544242943262422
254445439743
97442544294423434422
972646464444212629
48449245842623457922
4126452948929299
9285439223817922
972747474424
97262422274729922497434422
819224412624
22922497294346439792294326247922
432497262544
214792814445
21262229254424
4123268447
92272926994326412392214881
2492454423
46929743924722
2326259224817922
42449224244344
999248
222192234324414781
46922747297922
27244325924143249229438544
46269225
2544454397922944
23434122
21442429924126249247
2597494324474481
26272945432229922497432441
844324442292217922
972625444543922422
84262349442322
4181232622972621447922
9944234922484323447922
99444522262344
2227972344
21432624444423
272497449222432441
2123268544244544237922
46432344214792974422
2721474346294445
494344857922
92232526234423
292343254781
45924127442323442629812144
22272321474397447922
97922229474422
42444826859248
21444544222992477922
454446449729438544
97489229
21488122439792477922
292723254423439722
979224262443884422
2923444949432441
9926259992817922
454447434148294627474781
97489225994423
