4944819926922345432441
444744972923269727294445
2292474422259224224843217922
45922524
884492472627224781
29922229434423
4543229726272329442281
4127242248262922
924799272543247922
482622447922
2221928424
84928684262349
479297299229432624
844324412221234492457922
258124927922
229299474422
29482623242926247922
234422294385444781
219222979247
92259222224445
9922
99442444297922
2544234329
294823272522
2444292947432441
45274747244422227922
92212144244543867922
9792214329274792294422
99442381477922
27244423234324414781
224843232322
4623262445
2699479229432624
47274322927922
4844472125444429
22272445439247
2581974424924492247922
2127292944237922
4292812444
924743244425442429
9944234944474481
4623269943224844237922
9943234429299222
29922729
4244498147477922
974447442229447922
258126214397
29264646444422
224892232624
259297922329482723
2126478141262422
452392257922
2143472629482627224422
4127434544
472722432992244392
2685442321479281432441
2123444543972992994347432981
232697484422294423
994726297922
41234481
262729242725994423432441
2292478592294326247922
97262521262243294326247922
84444344232229239222227922
294844262343884445
214324494445
49444421432441
24442229432441
22298147432248
45442123438544
224892232124442222
484397972721
26882624447922
472645414324417922
459225434424
2697294429294422
99814447928422
472627454423
244484227922
4422
234425922997487922
2225262629484423
484341414324227922
222944442147449748922244
234421924323432441
8126494422
482684922345
929726478129447922
2123268422
92244523264144247922
884347474326247922
234826244592
42272599474445
972622292444237922
23442543222224442222
29239245442592234922
23444623442248432441
45444644979229432624
294827417922
9943924781222926497922
