412641414744227922
97922949432422
9943234522448144
4943232685
4544474397922944
49928192497922
2127224827217922
262143244445
97272527472722
97262123927922
21432497272248432624
2992244147432441
97234325449224
259223262624
2244254321234385922944
2344972992
444584922345227922
2527244592244422
9747268424432248244422227922
262343889299927922
9223252623432441
47432441274322297922
9747262444
25924892239224437922
259223439224267922
442544244522
92212144922244254424297922
8544484397474422
92474781432441
43924126
8444472248
262729222923432122
23922445817922
994397922544239247
469243294847442222244422227922
2348442622299229
81272121817922
22972623244627474781
432323272129432624
9943222827447922
972747474424
22972343929943247922
844843242481432441
844324294423432441
2344222627239744
9747922445442229432444
48262229924144
99444544854347474445
9726252944
4827259224244422227922
4544244523432944
4744419229447922
99434747432441227922
294823269229434781
23269749817922
43248592237922
4626234423272424442322
482724292285434747447922
272445442321479281
9943234599922948
2244254397262445279729262322
9923262748924892
41922424442922
214792242944237922
22474444494781
224826842326262522
479221479297447922
2923922422219223442429
432497272322
97472725217922
25432422292344477922
41232641
212326972723922926237922
99232692457922
254429232621264743299224
992327244429
43232344972685442392994744
214341442624
444792294445
254422979247
8443244546924747
97234444214423
97262222929749
484347474447
499224454324224981
252629438592292623
412344442422849223457922
292343854392474329817922
2229922944482626457922
8127974943442229
249221
26272922442922
9723928543244122
97482621214423
2927232422
4485442341479245447922
41239224454444
4397449926272445
46924322924792999245
22449723449781
