4781249748214324
92979727239229444781
9727294422434423
4623442248442422
444143227922
214341442624
84924944462747244422227922
974445432441
9221214781432441
4626222243477922
45279748817922
23444544854447262122
972649432441
234441432229442322
432422299247472544242922
4726278523447922
9297972622297922
489222224744
99924722927922
2227994227249729438544
46479229979223
22279748
21924747994492234423
8492232344247922
294843232944442429487922
922325924144454526247922
4826272244214792242922
9943234548262722447922
9726974924448122
922492292625434422
44212686814445
462623292392247922
9792252381
21268444237922
2581232348
47924345
259223437922
972686
21482624442544
2944244544234781
452799434429817922
2229814743884422
442492972922
979223439792292723447922
272422444424
992344924599922249442922
2686434543884445
239241922527464643247922
4526254324412744887922
239228274447
979223922922
242624974892479224294781
21234429294346434445
219223297922
474329442392477922
4486442521474346434422
2243412443464397922429
842623234344237922
21272497487922
29482629487922
2948442645262343977922
9726218123434148294445
974726294826
4244232625447922
9281
232644
972627419223
212741487922
224727297922
25924347
4726997922
26272997232621214324417922
21479281232626257922
294347474445
44862623974322257922
2126252544477922
97262121442348449245
99922244254424297922
854385434524442222
442344992722
47444192474781
29922599262723432444
4626264722
4499442444448844237922
4844924523442229
48432444227922
2724454423842343294422
22294424297922
22292392434148299284928122
2224922122482629
424649
972624222725432441
234485444792294326247922
21439729
4643474725262344
454386434447922445
234421922229
22972629228426259224
22299223474324417922
25924341234429
