25442397489224297922
25442521484322
97922429432441
464322482444297922
2284444544
9726974947447922
4324454425244346439792294326247922
47924323
21232646432944442322
21272497292792474329817922
2229239243294424
4543924781224422
22977922
25922445922343247922
294844234484432948
9726248544234144
974892249744
254424454447
45439223434422
9792999223442922
254323922445927922
214744922292242924442222
2724212326854445
9748922329
2248924747262922
462392249744
224981479299
4192884445
2592234326244429294422
2343244122434544
214727252544297922
26464643974392294445
9792474743447922
48434141432422
4843414899924747
849222484324412926247922
22842647474424
46474484
4127922392242944447922
29272329474424449749
2944232392249744
2229274646432441
4826232943972747292723447922
2544244392474781
2344252685442322
2344854423229247
22449729922343922422
222721442344412622
22439981477922
21262248
844843474422
294892244922
242792249744
294892847922
99442221449249
22294492252326474722
2724212326464422224326249247
21239243234344
97262323264544
45449245
45432299922323432441
2192472545924744
2284434747432441
9744474422299222
21922329432292247922
99444843244522
8448439748
25434792247922
44922324432441227922
4147432525442322
29262944254397
9726242923922229432441
282744222943262444237922
2229239243294292974944294445
2192454581
92454844234445
4244922424432444
9992292944237922
44214347264122
272222
21449726227922
442229239224414425442429
234421272992994781
2392454326432441
454424292624
4425994447474322484422
2686462623457922
2699229727234329817922
994326454385442322432981
454326974422447922
8426447922
2926864397
46434122
41922747
46479241414445
9723262222214344974422
9726272147432441
4544229723439992994744
22274646269792294422
22294484922345442222
