9944232381
2344924542272229
229223227922
269947432827444781
97432297267922
84922445442344237922
2686812526232624
99922344462626294445
214324
844388884422
81272525434423
9247454499922392247922
212729297922
974844234344
9748472623262148814747
929797272292294326247922
2592239781
97262422432441
272484434747432441
4692294826254445
99449229
444543294326247922
9923434148294781
97922722447922
2144974922
99449229234386
4727249223
9726262943447922
212326292621479222254397
854447472725
972625212622272344
462343224392247922
48434747
97262497442329432492
2724438544232292474781
254322412685442324432441
45269729262326847922
45442443412392294445
23262244259223817922
444545817922
25922399474324417922
4192454144292381
92474726814445
2327222999444729
27244544232192242922
2527454581432441
45922345922444474744227922
924741442343927922
474397442422447922
4926242392457922
972622294743244422227922
43242243454422
29434422
24272322442381259224
442492994744
2343414829442627224781
22972629479224457922
494344857922
2248234484
97234445432922
444525262445
2248922344482647454423
272499442445432441
979221929947922497927922
859221262384922344
2543974844474744
9726252527244422
99432329482147929744
222426997922
849223234445
979223294892414324439224
4544242625432492294445
42929999432441
23442544259944234445
234826
454322972627232944262722
23444143222923922429
45262325922429
262397484422292392294326247922
214826244429439722
2543474329922944
484423454423
2527239748432226247922
8448442344929926272922
994399
464727864445
2248922724
99444529432544
924543232624459297497922
259224294744214344974422
264843269224
454426452623438844237922
9726242229922429432444
45262645474422
4626272329444424294822
252629432624432441
23442126232944237922
2592432243447922
229247292144292344
48812124262943222922
