272445442384442429
979247434626232443927922
42264322297922
454422292327972943854424442222
46922222994324454423
212343222243442229
92474144244399
994445454324417922
9947922221484425817922
2543229727432441
252624497922
85432927214423922944
44854424489224454445
25924743922422
22844444297922
482627224497474492244324417922
2944928847447922
812645444722
2344452724459224294781
2544414892247922
219222292623
2229264743454423
25922343447922
97482326254445
9241412344419229432624
4843429297494423
2927299224494892254424
4744212344974892272422
25922443464422299229432624
424484432248
299243474192294445
414323922745262786
2249432522
212344464341272344
23442943249247
48262722447922
23449726242444972922
972645434681432441
4943472622
29482344924599922344
2229269749482647257922
2123442492299247
272446234428274424294445
432429442347929744
9943269748442543222922
29432926
4127442222294325922944
97232722299297449224
21924747439229432441
92274122992723417922
25262329
4526249229432441
2492254422
22299224974422
439241267922
97482621
2297442129442322
2492222292277922
222627294844922229
249223239229438544
292629924722
992725994744237922
8444434747
9727238581
972344299297442627227922
219222294499269223457922
979229442384922747
844347472684
4486292392212647922943262422
444543994744
23442123444844242243994781
43244527974445
45432221232685432441
22249297494445
992392454744817922
22972326457922
9747922745432722
4144242923817922
45262625224592817922
272399922444
294844239221817922
224497
254429442322
9943844444494781
47432441279247
99439222224445
479229262481927922
22214447479748449749442322
9221484345
2925
9726244526257922
22294421214445
23444792294385447922
84434943
4424294423299243244423
972647454781
212623294397264422
23272222267922
4827259224432981
244324927922
