84484329294744237922
294423929943297922
442429432981
45928129432544
45432229432497294385444781
929797474325922943884445
929945279729262322
2721972625432441
44248543229241432441
45442123442222438544
22979246462647457922
972723457922
4329442543884445
24444445474422224781
229224972927922381
922222434124254424297922
849229442322
432429442323264192294326247922
432485264785442544242922
29262325442429432441
25262492222943977922
979224294445
222992239748
992692237922
97272927217922
484341488492817922
2923922422254329
9245274729442392294422
454322234421272992994744
29272325442343977922
222647434592234329817922
2948239222487922
9299482623
2229432444
49432399817922
4827244192234392247922
2581479223
2126929748442322
25262929
254345454744292684247922
412392244597484347452344247922
22922944474743294445
92234392452444
2229239243297922
294397494744
9944294843244922
994447432445927922
432422272341442497434422
432497279992294326247922
2344259243244445
979221432927479229432441
97232622229926847922
4447929926239229432441
4324222992412392257922
97262724294423974726974984432244
4926234492247922
84449221262447442222
45439729432624922381
484325
21232697444445432441
262599274522254424
452326212144237922
2344212747224385444781
219222224424414423
924585442322444781
452626254445
474324414423432441
9247474441484424817922
229792472144237922
22214792814445
48922747442322
244324442944442429487922
9228279297274729272344
472623234344
974827239748412644237922
2426432243442229
9748448443442229
22494325
92999923
254447264523922592
92437922
234485472624
21922349927922
97922243267922
219247432292454422
2297232627244144
999297492144459247
888443244147437922
44922399274522
22242699994423817922
4324262121262329272444
97482623924722
25922329
442222928122
2126478141922581
99432997484445
2284924141442322
4324854422294341922943262422
419222484422
224429294423
