22272221442422447922
2623844447474392247922
97922948444523924722
852647474481
43244644234424974422
43242227479229432624
922329482343294322
9246294423444646449729
2699474385432624
239224414445
45448592472744
2597469245454424
9223412622
9748432424432441
432229482527224422
22252741414744
9792244547447922
25442923439792474781
49244444979221
25262343222624
2688
4527214743979229262322
482623244445
4429442324432981
27242392854447
2543224143854324417922
2944222922
272445442322494323297922
2927297922
97484322444747432441
224424449792
9224414726
224445922422
234497234492242922
242685927922
292629294423
4244262192234543884422
9221212344974392294422
84434122
4447449729262322
29232722298426232948434423
454425922445432441
452697292343249247
499224447922
922592884422
2984442349432441
22479299994445
214397972647267922
2944474497262525272944
474485439229489224
2123442292414445
9726249726972943262422
8543454426979222224429294422
48262592414422
2926444826474522
9792439221489222
2444842221922144238426254424
24272444887922
224424414826237922
9726252147929744249744
4726454144237922
259223974447432426
9223994329442322
2144212181
97262497262345
43244447434143994347432981
272122272341447922
43232343299229432624
212343259247
23444544252129432624
27252143234422
974892249781
2621442344292992
2123442543224445
22294324294445
47438543454781
29262397484445
224927244922
25432297444144249229432624
2348442926234397439224
22814747929943979229432624
23924122
922347432444
97234445432922
23442226232922
232645
2123439744
85922324432248
4144444981
9228279221479224447922
4744922381
4192474726217922
9726248544232292294326249247432229
2123444644234424294392474781
2526272948214344974422
974892244523924127212992
224892854424
479224412792414422
859227242922
4826249748267922
