259297484429447922
4324224425432492294326247922
99262441
462624454744
47812497484422
972625252624442322
4543229726242943242792249744
22482621
4347812722484324
299223414429
44234126
46262724459229432624
272484234329294424
22974826264741432347
994429487922
974843232621239297294397
2992224922
44869225432444237922
224943217922
23922441447922
44279792478121292722
272422444425474324442222
252624412647439224
4844432444494424
4892432399232722484422
46434747442922
2229922329442322
2192222923434422
2923439944222592247922
46234388884744
222926252122
4324222943292729432624924743884445
499229259243
47262745244422227922
2943242225432948
26994481
46432929432441
212344222721212622432441
294497482426972392297922
9927974947442322
239243244445
2944242624
454422294324817922
2592222624
4527244422
21234422434544242922
22979224244423
21922343227922
45448592472792294326247922
2229239243294292974944297922
92474744234181
454486294423262722
448543474781
448648262329
2923444429262122
994323442929927922
4844444722
844325217922
484492854424227922
4744262492234526
99272929442322
222723212343224324414781
4526974944297922
292343214329924992
442497479285447922
42432929442343442229
432521272944
27244346262325
234422214447474445
2247444449432441
25434926819224
2221484324867922
814141452392224347
2224269922
994792974947432229
2392292947447922
262329482645268681
22812599264743884422
25432245449247
85444144299229438544
22482729262729
92222244259947924144
2126472624924322447922
85434747924324
23444192234522
23442144232926432344
9726242426432222442723
8543854345244422227922
8426264746
9792252627464792414445
432422299247474445
9792812592247922
444792222943974329817922
9727294423
47922723442429
22214323267922
4843222192244397
9748434747442229
2749239243244392247922
2543222827262992294326247922
