4323234329929943474329817922
229297494445
22434124924747432441
432927244422
294881252722
2229922322
432221
474328274345
4424292327222922
99922441432441
454497262441442229922429
9726249744454445
252623294192414423
999222294422
234492234445
2344489299
994744222244454781
974743212143244122
44214397272327227922
24262499444743448544237922
4647922929262122
214347472623434445
9944444622294492497922
4843994423249229432624
45448543922944
2992434747442222
432497279943
23442227472922
488121442329448629
229229272345928122
4892884447242729
2327224943247922
44244527234445
4826254422292344299748
8592214345432981
45442426272497442544242922
2243249744234329817922
2144232948
29442323434423
85444347432441
212392292947432441
22434485447922
929922262321294326247922
2592479223494481
46234341922944
22432344
9748439747447922
25442422927922
448692472992294326247922
884421488123
25442445432441
45432244244192414445
259241244346439744249744
23272543249229432624
45432222432543479223
99922399442323817922
84432429442329432544
432492458544232944249744
4581249225432944
2544472645439792474781
234421274722447922
222697439247
29844423494445
4427974743454492247922
9726244627974392244322257922
2247444421442322
21929744
48444324447922
24444445474484262349
4544974421294385444781
924545474422
922722294423442229
212326214844297922
99234492454623274329
92979726252192244325442429
45272622
97262143442322
25444592474743262422
97262429
2181294826247922
974892278543244322257922
972685447922
4486922221442392294422
9747814544
242685264927882444292249
999297294423432647264143979247
21922722432441
2292254388459229
922599922222924526237922
29239285444744237922
48269999227922
2224432122
2126274729439744
44474492889223
2944454326272224442222
99234429297922
234442278544249229432441
9726242297234321294445
22972327249748432441
212326222645817922
