49479224222592247922
972624294486297922
4826232244239245432248
489223474481
929922272345442229
974843252444817922
974843454445
22924744
4447449729432624444423
9923924825227922
2543222923272229462747
2492494445
999248922592227922
2249272449
47444423
979227224445
252645442324
29432526294881
23442229922944
21922445442543977922
992623262741487922
4844232543299241447922
238144
242624292392242246442392994744
419229474324417922
212647449792297922
97472622272344
4292242722
2123268526979229432624
23449726854423432441
472692464445
842926
21924792854423
9943844444494781
459223247922
422621474324
48269223457922
4144244423439792474781
25432392
9927474746432497487922
494341924743
259724444347
259247479223457922
294424452624432943227922
46432424992641924526292943237922
4647922946444429
462729434744
2923439749434423
2992292947442992474422
432226479229447922
44229748442343974843927922
45442543474329922343884445
9225442343244543922422
222697974423
2926259248928449432441
43242944242244
2344972625254424974422
97262724294423922929929749
4923924926847922
972641432992294445
29269926414192244445
972625254324414744
2229449245439792257922
299225924744
432441442427262722
992326242944
9947274324417922
4226922424
9792239926249229432624
9726472622229247
2122819748267922
472684
234443242944232123442922
97432444239225927922
8544244544237922
23924324222926232522
25922322
972722224445
29482326922981
842684432441
2126232923924329
9792232926412392214844237922
22979247432441
222797497922
22254347447922
224823432449432441
2992854423247922
85434429972624417922
9726244227249729438543294322
454322212729432441
494744212926259224439297
2192974422442929442322
92479943234426
85434429254324487922
25444192978197474422
26292992849222
4892299748442922
97484321214445
242685444722
224944432422
