9227294826234329817922
46442445442322
92432547442222
29239224224792292623
434747264143979247
45268626472641434422
2227992229922429439229432624
4485442449437922
2147449222922429244422227922
234385434423927922
272445442526972392294397
48442345442322
97474446
474399444722
24262421922344434722
85432227924743889229432624
22294325274792294326247922
2123442526244329432624
92464643244329434422
924585
219245434747927922
4425274792294422
47262341244429294422
25262624474341482922
4324292327454445
994447414392247922
24432921439749442322
2229922943262422
994492294744227922
232645234397497922
99922948259229
27242248924992994744
992686
2344854447474445
41432122434422
21444744447922
22489249434423
41434545434423
212697494429992626497922
9245274792294422
41922527297922
432422274646439743442497817922
9748922497444722
234446269727224445
28279223294423464324924722
42922444474744
97264445279792294326247922
41232725994744237922
2923922521264743244422
2443212144237922
2392472148
2226472799474422
4424854392994781
24262322442544247922
4892432322212343244122
2292859224249248
232625922426
474329434192294326247922
2144234397922345432725
974892432244
222144242244234392247922
2192232943974321922926237922
242684432244
23449927227922
21264726
99439947432641239221484423
2226472229439744
97262429442429432624
2343244147432441
432442449729262322
272148264745
2244212927924143242922
992344864329
442221
97489222257922
2527292926247922
474385442325262344
2981214422
489224459926264922
219223294397432192242922
22974847434425922424
22928544237922
448626239743884445
4544854392249744
92234388262492
452627234423
21434726297922
22449247
2392452624
92474425994423297922
2297262144
4544292686432441
27242392854447432441
2144294423
972624464345432441
222797974422224627474781
8644242621482624
472685432441
25442526
259249442248434629
