9923922445434422
992326924597922229432441
25434747432144454422
972392844722
9222222623294445
22262729489926272445
4543224347472722432624
22272525262422
25264892252544459224432225
9244229727479221432722
224892974947447922
41432597239297497922
45432229239297294445
974826432322
4445252624292624
2326854423
4442449729432624
922729262122434445
9245494324227922
994447478444294844237922
2444974422229223434422
25269943474329817922
484447477922
27242592244781
2226232326844445
252624922229442381
21234324297922
45442443257922
97272248432624
43252147922429432441
48432445442499272341
2923274243474726
229726292922459247447922
27244826232244
212647432441
2543229748922497447922
2192974346439792294326247922
2144448444447922
212747474445
4226472226247922
2144249743477922
9723449229438544244422227922
9223214441414326
48922345442444237922
294423239297447922
4826264927217922
25264826232685439743977922
97489229294423292624
262729222923432129
254445439229432441
21922392214429
234425272444239229432441
252645434681432441
99272243244422224422
2192234792817922
4324294423254324414744
999223494423
24442929474422262544
25439226847922
9947432445442229
46434629444424
24444144857922
43244643454447
972624974421974311247922
9748922441224892
99442344244397447922
489224494423
292327432441
992729292624432441
484492472948434781
224492239748
2144454392292343222922
45442543474329922343884422
232746464445
84484329484423
448697928592294326247922
47928144234445
2147262122
23439748252624457922
2343454547447922
252623447922
992724819224
972392294423
21449247432441
272445442397269229432441
4943452492212144237922
222681994492247922
454421234497439229432624
214421214423254324297922
47922745432441
9726292926242992434722
44869743294422
99272322
2926232243
4123922441447922
29922724297922
4792272392
2544454547432441
45434429234397487922
412622214447
