498147447922
254341239243244422
22292721444681432441
25922492222244487922
864422
24432122
922492292625439792474781
922126472641434422
212326999229432624442322
432445439224927922
974792222223262625
29234399274792294326247922
2392432481
26464643974392294445
48
222126272244
4423262943974322257922
48262229442222
23269944222624
8492868426234922
9297974424297922
48272299922445432441
222944234347438844
212344854424294385447922
419247472721
2229272929442344237922
464744224843442229
9748442543224422
23442297432222432624
2126478192252623434422
9792254322264744
4844972799927922
292621222643477922
884422297922
212644292381
25922997484422
4543224123272429474422
214347474326247922
45812246272497294326247922
2344212799474397922422
84924747929981
852625432922
43248544242926237922
972326842422
239224457922
84922944232123262646432441
47269749442922
45449792454424294781
2123262441
27244726974922
9947268444237922
4643442229927922
9726244544242292294326247922
2685442323274744
92244329927922
2144242992254429442322
922729432225
4543974944232226247922
42929749922222
868686434343
22484492234423
23442221449729438544
23449297294326249223434422
9992994447
994424419247
268544232221442445432441
4544414424442392294422
99924944474329447922
259297432429262248
234445262799474445
84484329294744237922
4144249223267922
9792222792472981
994321922329432944
4726844447477922
99262622294423
21234421262445442392294422
25434747924144
4643472543442229
2143889288887922
9926262444
922797294326244444237922
9726252147924322922429
9247432248927922
99924745
45444626232592294326247922
2592454544244324414781
9943234599922948
9992414447
92229723439944
4627244127227922
25929944477922
229224454445
41434141474423
9748922497444747262322
454422434124922943262422
2992242992472722
22214497299297274792234781
889225992624437922
448629232685442329
