9747449223244422227922
4892254744297922
229748444527474445
452685442992434722
2344489299994445
254397497922
99479224454781
232725214447222943472922494324
224726854424
22214444457922
4744242426247922
219224929744927922
97268697262599
889225994488437922
99232684244344
252722474325
2621922827444781
2281222944257922
464424454445
2923922422214826994392
4543244423
232647922445
45432441434423
2248922321224826262944237922
97264747269792294326247922
25442397922429434744
22294492454692222924442222
469247224424442222
4744414326242492432344
45439749222624
47434148294324417922
22252745414422
2543
27244544234526417922
4544462326222944237922
4544474429432624
4881214423992647447922
2724294325444743244422227922
4126452244244522
2597
21474492224324414781
979225219224434743
41442392244327257922
224726294846274724442222
2229924646432441
22924726247922
92852684432441
27212244297922
2249448444237922
9222974423299243244445
294823442248264745
2344224322294423
4544852629444422
229748474329887922
27249747922221432441
922797294326244445
219222224423
854322432624922381
422741414423249227297922
4423232624442627224781
92242948239286
2344222623297922
46232743297922
922222922222432492294422
2992438492244422447922
9222214881864392
224324412226244122
2992994744974726294822
4485434722
2226214843222922
92474422
9947262722447922
214643884423
4826272341479222227922
299297294397
272423928544474445
2221929744849247494445
41232744474743244122
22219229
2247922145922248
922526232148262722244422227922
292622224422
4486974447474445
432429444747434143994744
84262441
4948929748922927234392247922
234421929749924144
22292392244147442322
21442944237922
842623294847442222244422227922
222799222992249744
232684444747432441
2192299748842623497922
2543244423
922729482623438892294326247922
44454329487922
268544232392294422
419225992647432441
48434792234326
929923272129442229
