4726274522214492494423
8444792344
4144474543244122
844344224447
2126274729439744
219241432492294445
92434522
2426444722
212344469297447922
2526272948432441
239243242592494423
489224268544234392247922
2123442243454424297922
2344974445432441
48272988219248
854423294499239222
252624414423
212697922944474726
84432429442343442229
2592291123434447
42274543974392474781
432521234324297922
432444232943927922
432429432543459229432624
2229444447447922
232688444747447922
2192222226854423
2227994123262721
239223444681
21232629924126244322297922
214423432148442392477922
2229269749292624
849241
4647272623442297432441
922397487922
48449223294424
4643244544237922
219223922243294422
97922227924722
222827449249434423
85924743459229432624
222427464644237922
472647478141924141432441
229222489281
9943232948442322
9245484422432624
2624472626494423
92212622299222434422
972625214743979229432441
259792459225
49432147432441
46269225434423
29484426234425
4941
464792999944234192222922
9747442349432441
4892234543247922
4244242492
219224929748447922
974792234346434445
224726214422
97922992474324927922
23444143249247457922
23449723274329
492726254324299224417922
84432948262729
99922326247922
9927474745268844
452724999223
22262729484423247922
28274344292722
97482697494445
45449245472697497922
462343852647432981
9726854422
99922929474425442429
4643474445
22479224454423432441
22474444494781
2281249748432441
2192292343252624434422
469223257922
432492274543994744
4447438892994429489224
24434148292229439749
25262426259224439297
972684994323457922
214844922292242922
2292854326237922
272445442384234329442322
842623974422294423
452625442229439792474781
2226854344297922
99922444
21444747924123927922
9243239923272248
272429924324294445
22929944237922
22494325254445
4843994322972722
