29482627229224457922
212326219241922445927922
45444727414445
4743244445
2192242443442322
99922229434747447922
84444323292624
45442426272497432441
259224432127479229432624
234445448544472621432441
214423259224442497447922
24928122928144237922
999247474429
2123262722297922
974726999944237922
23442827432344
222827432429
429225924397927922
9221214792272244
46474422487922
24922521927922
412724248122929749
452627414792227922
2144234626239229432441
4486929744239992294445
234497264347
4543924726412744
9926454422
922599922222924526237922
99449229244349
444744972923262147922944
4544442146924944
992344924924449749
21
994727464622
4543229727224422
482724294324417922
2344474397
41472622229223434422
22849247472684
4526232522
972392462922
414424442326224329817922
462327432946274724442222
2292244599479222297922
92479927254424
2544294423432441
2948924792252722
974423294346434445
2543222344924543244122
8543232747442497447922
2123442299812944234392247922
49244444979221
259227457922
2544232592434522
972625254322224326247922
482623922943267922
4192222923262426254397
999223262544294423
43254826294421
842699994744
97272122
2443414147447922
484481442345924847
994726842721
222192454446274722
434749
99262729432827447922
99272929234422224445
454322922222442599474445
4126999947442322
22812148262422
9747449223244422227922
224892234421264324297922
22269922
9923432992242443977922
464226234522
4192884499267922
22482797497922
482725922443884422
99444747819927292926247922
25922441474445
272445442348922445
212344454347449729432624
4486212622432441
9726252129232647474423
222692217922
224485442429444424294822
979223222624
922121449222442544242922
249227419248814544
9224412722
924585432292994347432981
21264943442229
22482327997922
8544484425442429
46262329482343414829
4423812948232697812944
4843979727217922
21434422
