9224244344
4544472526244397267922
22474341482922
2244234392474781
9944462641
97262446262325432229
4826252641442443884422
9224242792474781
4324974322262322
849247497922
99432345
2599
9299977922
2392454326472641432229
2224274646442322
2147922926244397
2923272229
2827928544234445
42924347262322
48272521999297494445
2344922226249299474424442222
97479222214445
9992434726272922
819297482922254424
992344924924449749
2592244543994744
499299262625
9224974826234445
27242827262944
2544244544474444857922
2443972645442527227922
4743994423294324447922
2592292343867922
214892474743
41274347457922
929729279247438892294326247922
922222432229432441
9247439222432441
92232948232621264522
22924785432441
464397294326249247438844
298443234722
92999911
29484323457922
2226272292
2243454499272324227922
224843854423
45438888434445
9247922526
27242697972721434445
21922344242948262645
8492474544259223
472641439792474781
46478122214497497922
45444785432441
272122299223297922
9792432326
2292244599479222294445
44992747474344249744
2344979247477922
412723414744
2192992229
45432297262424449729432624
4647264141432441
219222292723432441
2923434747432624
99472697494445
97262525262421479297447922
84929749267922
97262422294329272943262492474781
4123262797484324442222
23434141227922
972625252729442322
4644922229432441
452343854447432441
9792994744
219224292625432544
23442229262344237922
97489222224322
28274444234423
43248592474345432981
97264826232922
254322242625442322
4424854326272224442222
21272521
2244452747262722
212326854424119247
849243474445
23449246464323254445
9744242943412392252544
2226272321272222
45438543244445
474485444748449245444524442222
2292848144237922
452747479223457922
4627237922
21924744469297447922
9927244922
48442324439222
454322224325274792294445
