452326854422
97262323269926239229432441
2226274746274724442222
25922948442592294397227922
48262322442592247922
99472722294423
4626474743974744
234422432229922497447922
2724974492224324414781
214792814126442322
2126274148494444212243447922
432429442385434484432441
9748449749474322297922
414323454423
224341244423
29844329294423432441
4144244422
9299222923272244244422227922
29922329
232722484422
434944
97479223432222927922
2647434192239748817922
2326994744227922
2227459224442244
97262521479243249224297922
22498145438544
259281267922
97272143454329817922
42929728274447432444
294323924544
254324432543884445
2344464744864385444781
9748432449
474346449926922922
2192854726854392247922
25262422922429267922
492392222426459223
44472722438544244422227922
22274522434423
26457922
854345442697922222442929447922
259241819223
2627414829
29922521432441
452724497922
8543454426299221432441
262144244423
414424294781
432446474497294326249247
212647814147262922
47264747432126217922
9247434124254424297922
41922948442343244122
22979223974424442222
4827292926247922
22259222484445
212344459229262381
23444324222992294425442429
974481472624
41239243247922
2526232148817922
45442243412444237922
2244922397484445
444126432229
252622294781
924726489222
4447432244267922
4843974944817922
4692974429294445
44862944232492477922
299223217922
442543477922
432521922329439247
454492452192247922
448592472792294422
224726854424
29442521294423
84924329
292723999224
9223974824442222
854397442429447922
9944232492234526
454446439743442429
29922944
972625444581
2526239247432981
432525922927234329817922
488125442422
2592242943474792
9225212747
29234341262426254429234397
452799974449
434544924743884445
972392462943244422227922
224826844423432441
432422214497294445
462627414829
924792999225927922
4325924143249229438544
