9923928527239222
9944922522
4844257922
4544999222442544242922
48922321434422
269744922427227922
299245884843494322299224
2127234423
294345432441
45432686434544
45244344214423
212623299299474422
272449432445442229
448626239743884422
9723928422
2326999943447922
48432122
2948922449462747244422227922
97929943244429259249442322
214484294423
4992292592244527
469297292623432441
45432226994481
229285924144
454322272244
29262526232326847922
4644247922
222743294324417922
452699994324
47922745432441
4926459249
849229222624
9926812244249944232381
8492222944462747244422227922
44248581
2543222724454423222992244543244122
214492974425924944237922
972621294423
4692474726847922
2192222927234422
41264745222543294822
2592244346442229264422
474492494481
97924143244422227922
272926214392247922
88929748442381
448621262329
9923924141432441
26239722
254424299247
44862126224329262381
252623924743884445
84924944
4543464627224326247922
2343974981
99269222297922
22489297494744
4324454341249229432624
482627224422
9726222927254445
99922441474422
448644972729432624442322
972344922543442229
254497979222
25444545474423
459223474324417922
292392454445
994727444123922222
46274725432492294326247922
9297972625252645922943262422
819226272445447922
849229227922
448621234422224326244322257922
252697489222
41239248922544
4323922944
432429924147432622
2221272324
484325
2344852649432441
97442927227922
2126222925432229234422227922
244441232622
4244292292257922
2248442347269749
2248922522
25924143242629
29444747432441
224843244543417922
9726232344479229438544
97262429432441442429
25444192247922
4324974826922944
212343222592294397
22448544242944442422
9944244485264744249744
254447264581
48279997922122
412392214446232743297922
432429232622214497294326247922
