92412343212192
9748922329
842326244145264324417922
424422294423
814425442443
994341262922
22212745
9225214843994392247922
224826262922
2225444729432441
47269792294445
25922329432444297922
29234397264726237922
27242297234484432441
84484323234445
4192814781
48262229432441
22972392214422
499229444781247922
49928892247922
472692464445
9992222992234543884422
249229432624924743884422
922341272544242992294326247922
972624292623294445
21922441
24262329484492222944234781
212741249297432981
47442299439224
41264745
849286434423
2244442122
2526434429817922
979223294344237922
2444474743447922
262121234422224326247922
9726252144294445
812597927922
44869225
4827254347439229432624
2543927922
2326819247
252747294347922944239247
2281478544222944237922
2326992226247922
27244329434422
22214324268892
4826222944474445
27249744234425262443262722
922429449748922599442322
21232647434644239229432624
97922143299247
2827922323444722
26214324432441
4447438643237922
4486262397438844
29922449
262729479281
432429442397489224414422
4147262222434423
21262329442429
8526819241447922
9723442229469247474424
262524432123442244249744
244444454744
2344972627232244
864326244124277922
238492244592
292744227922
46262349
22482797494445
9748432943247922
25432246432922
99449726254324414781
2992254424442222
9926262947444122
9726249743474392294422
994326222148442344
9727478544232922
9726232944224422
9748432827432992
2592867922
442521442326237922
222127292944237922
47264541447922
219222224326247922
4643222922
45444346439792294326247922
99929992237922
2123438592294326247922
222645454445
92212123268544
4544242625432492292623
224497294326247922
23444424462623974422
222923442427262722244422227922
23442243412492294326247922
448629234425432229
42264481
294823442248442322
