97269749
4543294844237922
25272345442344237922
48264799444324
974726974844
2229234349447922
489284432441
2721459229432441
4324224341244346439792249744
4826252624812522
99442392294445
222143974445
2724454423299249432441
454322972624294424294445
2444859245922422
272446234344244522
452799
44214823924325
2724972624292326474792994781
254324432543889229432624
232629272445927922
4127222244294445
432422214497294445
2927224944414444
92992226472729444781
92294792224422
214392242647927922
219224452623927922
4126474644237922
22432444972723447922
849241447922
4944999299
222723414423434422
432599274422
224421274797484423
9923924825924127212992
2721224345447922
222623294344432441
859225217922
464488884422
81449223474324417922
9792234292974944237922
9223449222
9748272397484126442322
859247854445
994444217922
994322448627924722
44972792452623
4543929926474397
21279947439743884445
29234485432426
25272325272322
412724497922
4727887922
45262543974347447922
484423214422
224792274148294423432441
234427244346434445
254322294325432441
448197497922
4543464623929729432624
2543234392257922
21442929434423
2327212927234422
974844454592237922
2948239222484445
494424244447432441
2249814292974922
4726992629262581
84922229442322
994447414327257922
929797262229
229221222797494423
922429484425
214727414324
22299223974881
2544244992237922
48272345474422
44814446274722
2143242944237922
4726297922
4324852647272429922381
46232622299943294422
92459225
214329442627224781
849243242297262922
222943252747922429
25442445
42262244214827227922
972624294424294445244422227922
22924122
2227222144244522
29442323817922
21924747439229438544
259247929748437922
41232684294822
22292344924922
922948444322257922
849229442322212627297922
22214347477922
